# Fix print output for fix 3
0 6.5632911770026092299e-28
100 0.072195990655856107088
200 0.27710120202946797452
300 0.57672809371682975943
400 0.93601328067721989434
500 1.3360676173392711519
600 1.7773524106514024812
700 2.2472360042769272681
800 2.7310468941655323682
900 3.2240210933175679209
1000 3.7310431510457870985
1100 4.2612195365764922173
1200 4.8135336911177502017
1300 5.3733838502754869282
1400 5.9373186037182810182
1500 6.484197452487604707
1600 7.0235534196464879386
1700 7.5788322879662004539
1800 8.1459164186525274687
1900 8.7204129402059535892
2000 9.2781976154733669659
2100 9.8252254962713987396
2200 10.388248533173232602
2300 10.982793099382025304
2400 11.613540227846520736
2500 12.281703715043013503
2600 12.937291202071730112
2700 13.562365965808625745
2800 14.187807437555632006
2900 14.825906270908724593
3000 15.473254635946247504
3100 16.138533095330707567
3200 16.817388254174765905
3300 17.488707472120552211
3400 18.126085491697917718
3500 18.768487014222511533
3600 19.43124395217668976
3700 20.112945864003965113
3800 20.830606627899229011
3900 21.573993703020143187
4000 22.351951583236861154
4100 23.148372061005542122
4200 23.911501993308846181
4300 24.642156416633536509
4400 25.37639979720080774
4500 26.148374329236887093
4600 26.913632529264212678
4700 27.626414615572222999
4800 28.330177903895673808
4900 29.082942744657600542
5000 29.871638756355487487
5100 30.686124531392152903
5200 31.606651377736547204
5300 32.486053028596849401
5400 33.151096620241105484
5500 33.704192470564002804
5600 34.335652693751519848
5700 35.099433807094328586
5800 35.924408212725545297
5900 36.702931234246648273
6000 37.446445990053987884
6100 38.285230259434811728
6200 39.145671001724011262
6300 39.97176254059555589
6400 40.669102192320806921
6500 41.243867602467581435
6600 41.845743568992538997
6700 42.534276407335084969
6800 43.407522131179348435
6900 44.333319429284692603
7000 45.137413089832080004
7100 45.86638182351911297
7200 46.651887889109922014
7300 47.55829362212416811
7400 48.536886675649952849
7500 49.466326447024748347
7600 50.365144787390207171
7700 51.327821509951498058
7800 52.200139937637850096
7900 52.938585452819829413
8000 53.676243725260157191
