s vacf_x VACF
0 1.7129839575212376963e-06 5.2347923405854886585e-06
10 1.7105803368050887325e-06 5.2252198599027860367e-06
20 1.6985714542892659098e-06 5.1859311958535690278e-06
30 1.677171383327060031e-06 5.1175186923039376179e-06
40 1.6467071948942468734e-06 5.0209401013915182775e-06
50 1.6075965206980516554e-06 4.8974596076370812453e-06
60 1.5603431466170786808e-06 4.7486161126833274703e-06
70 1.5055115190401288117e-06 4.5761856665556440899e-06
80 1.4437328235072806152e-06 4.3821595494289076911e-06
90 1.3756973113177480023e-06 4.1687055656770217516e-06
100 1.30214600616611461e-06 3.9381565711048736406e-06
110 1.2238576893387290941e-06 3.6929704909689569257e-06
120 1.141642441400622349e-06 3.4357044637557056203e-06
130 1.0563301859788931794e-06 3.1689904109423692663e-06
140 9.6874808630750375199e-07 2.895466852843090527e-06
150 8.7971099597781757738e-07 2.617742334042094556e-06
160 7.8999652894500073655e-07 2.3383193803449284567e-06
170 7.0032800674302592192e-07 2.0595404161994775345e-06
180 6.1136458947121603574e-07 1.7835405259325137058e-06
190 5.2368021290475397063e-07 1.5121924673312049098e-06
200 4.3776537738774203099e-07 1.2471010470907273696e-06
210 3.540344577627883431e-07 9.8959424114910044474e-07
220 2.7283758038164838561e-07 7.4075298015570802458e-07
230 1.9447400803699358243e-07 5.0144561149002808885e-07
240 1.1919829465279239812e-07 2.7236772278747281129e-07
250 4.7234772159507870491e-08 5.4080138589611200165e-08
260 -2.121636231373717128e-08 -1.5295266253890136435e-07
270 -8.5982537405046520886e-08 -3.4834377142444220331e-07
280 -1.46925714846887254e-07 -5.3179046842685312462e-07
290 -2.0395443960997204172e-07 -7.0308838421447572265e-07
300 -2.5701900567449048142e-07 -8.6212877565702160103e-07
310 -3.0611295682919534203e-07 -1.008903576230869884e-06
320 -3.5125891614959795168e-07 -1.143494843051335672e-06
330 -3.9249454988359255708e-07 -1.2660565327537675413e-06
340 -4.2986667983346193828e-07 -1.3767997001763764701e-06
350 -4.6342025071141816499e-07 -1.4759726850539120057e-06
360 -4.9319897299417704823e-07 -1.5638537639333695955e-06
370 -5.1924938142901586026e-07 -1.6407320908042374146e-06
380 -5.4163104416225846718e-07 -1.7069069227899327963e-06
390 -5.6042415284654909124e-07 -1.7626816048227907059e-06
400 -5.7572764368095515173e-07 -1.8083403103180968885e-06
410 -5.8766501400462102749e-07 -1.8441644624933896018e-06
420 -5.9638040295241917165e-07 -1.8704411233470763122e-06
430 -6.0203347484930447846e-07 -1.8874677757684444116e-06
440 -6.0480232453212926079e-07 -1.8955814812630466738e-06
450 -6.0487753103066136625e-07 -1.8951701376334244363e-06
460 -6.0245868380130978771e-07 -1.8866635848584250229e-06
470 -5.9775565082077097872e-07 -1.8705418435115329193e-06
480 -5.9098640847377037573e-07 -1.8473227048701650622e-06
490 -5.8237494245618989609e-07 -1.8175515509861030292e-06
500 -5.7214741675756715179e-07 -1.7818001847587827678e-06
510 -5.6053222681732388084e-07 -1.7406516619350115092e-06
520 -5.4774594880744483424e-07 -1.6947052747597162598e-06
530 -5.3398928171806325238e-07 -1.6445730647347017795e-06
540 -5.1944368551292357854e-07 -1.5909092690377043399e-06
550 -5.0427591322249094891e-07 -1.5344145936982575112e-06
560 -4.8863468567938702483e-07 -1.475813429820835306e-06
570 -4.7264791281371933659e-07 -1.4158135906580734721e-06
580 -4.5642211643913963199e-07 -1.355058962783829207e-06
590 -4.4004551334248099246e-07 -1.2941137419340744801e-06
600 -4.2358689548949934372e-07 -1.233443285510486128e-06
610 -4.071141159558045198e-07 -1.1734432825560819457e-06
620 -3.9070068045588261128e-07 -1.1144544229821469085e-06
630 -3.7441843310311410552e-07 -1.0567646720138489372e-06
640 -3.5833480330277130393e-07 -1.0006205558887464852e-06
650 -3.4250879890858020925e-07 -9.4622611544116378209e-07
660 -3.2699200250708919251e-07 -8.9375271934346554288e-07
670 -3.1182282797722602083e-07 -8.4334637728241182691e-07
680 -2.9702633826930360137e-07 -7.9511291289343685905e-07
690 -2.8261366597594910637e-07 -7.4914116380549909055e-07
700 -2.6859031258434396118e-07 -7.0549723242359395277e-07
710 -2.5496028653884125995e-07 -6.6422575024253883299e-07
720 -2.4172731590126140843e-07 -6.2535445306348345648e-07
730 -2.2890360322887802867e-07 -5.8890143500399905763e-07
740 -2.165105216594153696e-07 -5.548784514117773866e-07
750 -2.0456892412724512669e-07 -5.232778101353712253e-07
760 -1.9309825167673153065e-07 -4.940638585765630822e-07
770 -1.8211066632681534238e-07 -4.6715936964077322116e-07
780 -1.7161027673704776524e-07 -4.4244599397743797535e-07
790 -1.6160319291645269999e-07 -4.1976738474147299417e-07
800 -1.5210178295991729056e-07 -3.9895216905377138743e-07
810 -1.4312177894767408481e-07 -3.7982575491254907653e-07
820 -1.3467963339743175431e-07 -3.622314471182490715e-07
830 -1.2678469952006375072e-07 -3.4603864762927613807e-07
840 -1.1943533146407894262e-07 -3.3114282373191403197e-07
850 -1.1262092803854141852e-07 -3.1746656563840844462e-07
860 -1.0631429821396679975e-07 -3.0494730230399530185e-07
870 -1.0047668329149931661e-07 -2.935269562237123907e-07
880 -9.5058198462029745044e-08 -2.8313695314070095161e-07
890 -9.0009741211954612943e-08 -2.7371258480630324588e-07
900 -8.5292526347055903951e-08 -2.6518881140637478577e-07
910 -8.0881803156757405706e-08 -2.574983178632984208e-07
920 -7.6760331932869840158e-08 -2.5056865961694397027e-07
930 -7.2930576839132595072e-08 -2.4433872641909333416e-07
940 -6.9406960344245500182e-08 -2.3875946301721034572e-07
950 -6.6216202178792118512e-08 -2.3378919972123403307e-07
960 -6.3378114672872653474e-08 -2.2937716338451996232e-07
970 -6.0893341179108459397e-08 -2.2544952851333953217e-07
980 -5.873516809130559574e-08 -2.2188062433943099612e-07
990 -5.6836220647227302381e-08 -2.1848381864385410968e-07
1000 -5.5103373371886450794e-08 -2.1503545191309928145e-07
1010 -5.3424884531057377733e-08 -2.1126675579558182986e-07
1020 -5.1692881244880557111e-08 -2.0691699458598933471e-07
1030 -4.9816580560128799932e-08 -2.0176786003300009155e-07
1040 -4.7731608223965875139e-08 -1.9566503852005830215e-07
1050 -4.540895062083374212e-08 -1.8854866149484815312e-07
1060 -4.2852624511665610115e-08 -1.8044637439605908675e-07
1070 -4.0099577545743568694e-08 -1.7146435419994881711e-07
1080 -3.7213852760303480945e-08 -1.6177356428059020857e-07
1090 -3.4264216982675762171e-08 -1.5156769547802950548e-07
1100 -3.1316457219346411977e-08 -1.4104370809046222058e-07
1110 -2.8422127439592582039e-08 -1.3036908276527277498e-07
1120 -2.5609695588869071822e-08 -1.1965397446628319915e-07
1130 -2.2879501285728572075e-08 -1.0894637079802998072e-07
1140 -2.0206066700071910616e-08 -9.8235524771439466198e-08
1150 -1.7545011245322462766e-08 -8.7469238810773270397e-08
1160 -1.4839595659750732453e-08 -7.6576653902532567559e-08
1170 -1.2032128316013225046e-08 -6.5475009855873524634e-08
1180 -9.0673932430288607926e-09 -5.4087645945310140498e-08
1190 -5.9028661258859889274e-09 -4.2349734448325188485e-08
1200 -2.5112965422964457993e-09 -3.0220086119127358474e-08
1210 1.1168581969688277194e-09 -1.7687021035683100799e-08
1220 4.9632200856483991884e-09 -4.7813862527068912849e-09
1230 8.9977686538137100355e-09 8.4259226200593422299e-09
1240 1.3169008916859176549e-08 2.1824627372403764742e-08
1250 1.7410319458685616607e-08 3.5266141709411614797e-08
1260 2.164804971524298057e-08 4.858390188061642555e-08
1270 2.5807795936255929763e-08 6.1600418326128387306e-08
1280 2.9816711656980854937e-08 7.4126647678808103703e-08
1290 3.3612954426806868918e-08 8.597722393648061032e-08
1300 3.7150411653261356267e-08 9.697745100606015374e-08
1310 4.0399002311988099371e-08 1.0697265998729544404e-07
1320 4.3339361126644291016e-08 1.1583278901702315656e-07
1330 4.5968884518005310669e-08 1.2346364328794279049e-07
1340 4.8298379236182860472e-08 1.2982219183257961453e-07
1350 5.034581959001554789e-08 1.3491202058518460026e-07
1360 5.2142509133535920159e-08 1.3878630489833908325e-07
1370 5.3716007242137319925e-08 1.4152877588216543937e-07
1380 5.509543176471909915e-08 1.4324502863373840994e-07
1390 5.630862336296598633e-08 1.4403906794569721283e-07
1400 5.7382142796811261527e-08 1.4401117227443631265e-07
1410 5.8338558033804133868e-08 1.4324591225608925073e-07
1420 5.9198653662393169846e-08 1.4181681470261964537e-07
1430 5.997529528909617386e-08 1.3977477643791727846e-07
1440 6.0671437500628591042e-08 1.3715232963365956272e-07
1450 6.127748056682958534e-08 1.3396986275617445293e-07
1460 6.1767366452865295727e-08 1.3022556684299472251e-07
1470 6.2104417805437530273e-08 1.2591075104937835975e-07
1480 6.2237163561444789959e-08 1.2099876413798497711e-07
1490 6.2109950941752044847e-08 1.1545643932969912026e-07
1500 6.1658176889944349534e-08 1.0925770930403092359e-07
1510 6.081864856209951144e-08 1.0239539936360486995e-07
1520 5.9533301486548828551e-08 9.4890957719265745097e-08
1530 5.7754300008268118766e-08 8.6788079347269589927e-08
1540 5.544546996757996824e-08 7.8156934627560650826e-08
1550 5.2582800689365285703e-08 6.9069794115997512206e-08
1560 4.9156537487587133692e-08 5.9589664607875919326e-08
1570 4.5174574256657907235e-08 4.976409770223784897e-08
1580 4.066576101972293212e-08 3.9625127707226165595e-08
1590 3.5684393703193153945e-08 2.9199836893939558047e-08
1600 3.0307920407947773256e-08 1.8516633901475710469e-08
1610 2.4632518267315132614e-08 7.5991568522133585894e-09
1620 1.8768288604662667283e-08 -3.5283316441593257373e-09
1630 1.2832629579684631975e-08 -1.4839758158379006124e-08
1640 6.9499137103198730442e-09 -2.6286674941203596443e-08
1650 1.2427710780671350174e-09 -3.7789660842410622669e-08
1660 -4.1723618326093238069e-09 -4.9225630341306501163e-08
1670 -9.1873655263670062363e-09 -6.0426248931229743625e-08
1680 -1.3707093524777037142e-08 -7.1183708655119246731e-08
1690 -1.7646545859783089041e-08 -8.1275393354880309706e-08
1700 -2.0934998019883755535e-08 -9.0489273966456540889e-08
1710 -2.3520407279386560512e-08 -9.8643376323400096909e-08
1720 -2.5379869267498309504e-08 -1.0561558343228384067e-07
1730 -2.6525438171312693114e-08 -1.113486873948052359e-07
1740 -2.7008748366044807983e-08 -1.1583144441561657714e-07
1750 -2.6904801784237565269e-08 -1.1908107400002383253e-07
1760 -2.6303846058322436081e-08 -1.2111570077436430431e-07
1770 -2.5290776290983464421e-08 -1.2194233479112836402e-07
1780 -2.3931706187445421063e-08 -1.2154641666888436455e-07
1790 -2.2270702724092949796e-08 -1.1990079791720037665e-07
1800 -2.0336676248476487755e-08 -1.1697303712091634857e-07
1810 -1.814847543228775522e-08 -1.1272899108908181672e-07
1820 -1.5715764103034832181e-08 -1.0712425585347201112e-07
1830 -1.3048480476430533753e-08 -1.00138101060813937e-07
1840 -1.0166145904660352144e-08 -9.1789625998621410803e-08
1850 -7.0987783983824814743e-09 -8.2138517201469883539e-08
1860 -3.89340798596994301e-09 -7.130509350533061386e-08
1870 -6.1590107435165505467e-10 -5.946065297943725357e-08
1880 2.6556014356964497763e-09 -4.6822109373617146279e-08
1890 5.8417719459573553289e-09 -3.3632587036105148141e-08
1900 8.8669298132152079107e-09 -2.0137772570507005992e-08
1910 1.1670985826530548781e-08 -6.5651541742634538836e-09
1920 1.4211337518660131577e-08 6.8948412617637934702e-09
1930 1.6461950049308143056e-08 2.0088152899303561952e-08
1940 1.8416336860598443447e-08 3.2905886992077473229e-08
1950 2.0082305211939057215e-08 4.5270019465470317081e-08
1960 2.1479299836559830863e-08 5.7130632752977521064e-08
1970 2.2638827900939863946e-08 6.8462068353297286497e-08
1980 2.3595782038918157938e-08 7.9237107718387172503e-08
1990 2.4385311967986369749e-08 8.9439342873789216759e-08
2000 2.504973326624069654e-08 9.9052696619239744126e-08
2010 2.5625941436848522435e-08 1.0805523315840096655e-07
2020 2.6147071821308426225e-08 1.1642524593925947012e-07
2030 2.6632622866698765565e-08 1.2412729788668846466e-07
2040 2.7085223577998635982e-08 1.3112398096613211616e-07
2050 2.749536701432929299e-08 1.3737454454871152773e-07
2060 2.7842982278694579506e-08 1.4283482463245977346e-07
2070 2.8104483405567100854e-08 1.4746802738507618558e-07
2080 2.8259315207121839472e-08 1.5125393188991343452e-07
2090 2.8295408661218688329e-08 1.5419075389559798969e-07
2100 2.821566488813613896e-08 1.5630072456185878735e-07
2110 2.803112018446493923e-08 1.5761294144627081695e-07
2120 2.775783312123826676e-08 1.5816290502671746827e-07
2130 2.7410055395438859656e-08 1.5798472939539306518e-07
2140 2.700152149466187646e-08 1.5710977737982018166e-07
2150 2.6544861669009239333e-08 1.5557569776291744273e-07
2160 2.604618625513705737e-08 1.5340632139318135556e-07
2170 2.55254635115232504e-08 1.5065287551563550439e-07
2180 2.5005616002553475842e-08 1.4738280046679430459e-07
2190 2.4515055427649007565e-08 1.4368697680637695441e-07
2200 2.4091440649626034429e-08 1.3967803075120111339e-07
2210 2.3771260290315518446e-08 1.3547536179186873516e-07
2220 2.3578780808406721117e-08 1.3119642252032230863e-07
2230 2.3511768619494421649e-08 1.2693339939775476785e-07
2240 2.3527779118262600807e-08 1.2273020581732320409e-07
2250 2.3544438755059852882e-08 1.1857411409269100416e-07
2260 2.3451770412301314003e-08 1.1439756501592796491e-07
2270 2.3142171380537659196e-08 1.1011234414492068416e-07
2280 2.2527053739055566942e-08 1.0563954551692237233e-07
2290 2.1555329291850389165e-08 1.0092809231493164587e-07
2300 2.0204698664206789296e-08 9.5962708940211465036e-08
2310 1.8480705535737255363e-08 9.076026464556583471e-08
2320 1.6406262810411860539e-08 8.5360320713783468733e-08
2330 1.4025267132970038451e-08 7.9829274227401368011e-08
2340 1.1390440243543954878e-08 7.4234476082493089041e-08
2350 8.5648672574154152515e-09 6.8645484641143522825e-08
2360 5.6166609352432511202e-09 6.3120053685518010676e-08
2370 2.6063821964355965679e-09 5.770365727486810566e-08
2380 -4.1300498727415214591e-10 5.2424521160141178046e-08
2390 -3.4048019250630632803e-09 4.7290319650888380821e-08
2400 -6.3493260244516657028e-09 4.2281799070378504946e-08
2410 -9.2394915071801812186e-09 3.7365075440309402904e-08
2420 -1.2081308966239966656e-08 3.2481913306473131443e-08
2430 -1.4877407725050194472e-08 2.7573500292228205171e-08
2440 -1.7628585688331853658e-08 2.2582045678008192082e-08
2450 -2.0327363473213958519e-08 1.7461728959949854409e-08
2460 -2.2961968757032401583e-08 1.2194713920107338734e-08
2470 -2.5520549728013448592e-08 6.7869822424168812508e-09
2480 -2.7992629080816752322e-08 1.2761915206659416701e-09
2490 -3.0366272872306897737e-08 -4.2693551836979980547e-09
2500 -3.262754783882705478e-08 -9.7690321499529474703e-09
2510 -3.4751919757292218308e-08 -1.5130884547628457026e-08
2520 -3.670418816997234395e-08 -2.0256564686457203016e-08
2530 -3.8445498371001494067e-08 -2.5072649002057713879e-08
2540 -3.9936463305192071936e-08 -2.9523105349489945937e-08
2550 -4.1151973648634218142e-08 -3.3589643217835414027e-08
2560 -4.2070219488314817533e-08 -3.7274666788786184667e-08
2570 -4.2689120655035139921e-08 -4.0599469564861528967e-08
2580 -4.3025701101178156607e-08 -4.3596605160663309938e-08
2590 -4.3110400053020750642e-08 -4.6310069903908173504e-08
2600 -4.2981676622867011139e-08 -4.8771996736436742358e-08
2610 -4.2676366569081661772e-08 -5.100625666398513949e-08
2620 -4.222587581931242449e-08 -5.3032707919378777449e-08
2630 -4.1649476078346693736e-08 -5.4853321334482135316e-08
2640 -4.09548293771372576e-08 -5.6447727782573242948e-08
2650 -4.0135089196867510404e-08 -5.778632840496318051e-08
2660 -3.9167968932426137207e-08 -5.8816436533560481559e-08
2670 -3.8009555561043113295e-08 -5.9465863508922419158e-08
2680 -3.659499547287582261e-08 -5.9622110368533941875e-08
2690 -3.4845384174730034682e-08 -5.9139905948728277111e-08
2700 -3.269098442072684298e-08 -5.7878277535818778013e-08
2710 -3.0086906927576747557e-08 -5.5713180911793177275e-08
2720 -2.7020060708481596575e-08 -5.2580413204292297464e-08
2730 -2.351861543880211628e-08 -4.8497556911376130201e-08
2740 -1.9650074559561533271e-08 -4.3561748126027592683e-08
2750 -1.5504662772485984863e-08 -3.7937175041382572551e-08
2760 -1.1162829249720098393e-08 -3.1807934249949908318e-08
2770 -6.6906871656575029846e-09 -2.534730182538045438e-08
2780 -2.1218221346980266723e-09 -1.8702233915476983789e-08
2790 2.5289162608537387733e-09 -1.1991158813917516269e-08
2800 7.2621240124739322087e-09 -5.3119018826523020349e-09
2810 1.2075335902114884239e-08 1.2525479437405290382e-09
2820 1.6948626925011328111e-08 7.6076754655526524967e-09
2830 2.184844300263237699e-08 1.3649832029696985903e-08
2840 2.6725187866690639219e-08 1.9274640338148469734e-08
2850 3.1520176509434992823e-08 2.4374432143123377935e-08
2860 3.617540418847207132e-08 2.8847693670975067368e-08
2870 4.0638607363188366395e-08 3.2603316748317556062e-08
2880 4.4846441672748958442e-08 3.5563155807909440385e-08
2890 4.8729028195506534728e-08 3.7669802598851515072e-08
2900 5.2204353292750758448e-08 3.8893549178010329158e-08
2910 5.5176641219356227964e-08 3.9220150695421075415e-08
2920 5.7542328573716867634e-08 3.8640727367761599298e-08
2930 5.9199285512164481287e-08 3.714564689495633785e-08
2940 6.0056046893813610793e-08 3.471780138001251042e-08
2950 6.0042565705968385305e-08 3.1345129741159551475e-08
2960 5.9105977941535575358e-08 2.7025498084780578597e-08
2970 5.72179540610382349e-08 2.1771121750240234886e-08
2980 5.4386252492278246657e-08 1.5646006923601253384e-08
2990 5.065338515859472076e-08 8.7500570496860698257e-09
3000 4.6110148544830313906e-08 1.2382872444884058539e-09
3010 4.088059325027099178e-08 -6.706521492925167007e-09
3020 3.5110551105797983582e-08 -1.491433970424522441e-08
3030 2.8957855901776339617e-08 -2.3231959920744996221e-08
3040 2.2587588782388085425e-08 -3.153631059145481568e-08
3050 1.6166057158794380609e-08 -3.9739592887880521659e-08
3060 9.8654540026024393712e-09 -4.7767313768051867011e-08
3070 3.8557074066721828684e-09 -5.5550370087944112209e-08
3080 -1.7048124842988399768e-09 -6.3012665376541944369e-08
3090 -6.6899531599925823161e-09 -7.0090943866018972846e-08
3100 -1.1023570824852858703e-08 -7.6744825888639302029e-08
3110 -1.4688124531341023614e-08 -8.29630768901635581e-08
3120 -1.7718086234105289864e-08 -8.8753601699487189987e-08
3130 -2.018509894081042974e-08 -9.4135134213409129074e-08
3140 -2.2187909720930087407e-08 -9.9127920110176553581e-08
3150 -2.3833328849177900434e-08 -1.0374445534076492996e-07
3160 -2.5231081930137088863e-08 -1.0799860185655985272e-07
3170 -2.6489353790838137721e-08 -1.1191386814752586534e-07
3180 -2.7704907107502833314e-08 -1.1552784812519054823e-07
3190 -2.8954185688201407126e-08 -1.1889525002946672826e-07
3200 -3.0280884632947369344e-08 -1.2207904343374298162e-07
3210 -3.169757178631023647e-08 -1.2514578890764617465e-07
3220 -3.3187574169605174656e-08 -1.2815988778115074234e-07
3230 -3.471377193874725824e-08 -1.3116891901909503312e-07
3240 -3.6221970428968522352e-08 -1.3419438505856993022e-07
3250 -3.7645522962633381635e-08 -1.3722379404135366284e-07
3260 -3.892322924849513511e-08 -1.402043157817064118e-07
3270 -3.9998124575317607393e-08 -1.4304617105675677354e-07
3280 -4.082596671243614971e-08 -1.4563164555099731383e-07
3290 -4.1377611430678190218e-08 -1.4783046242370335287e-07
3300 -4.1640948331168917068e-08 -1.4951901753547356875e-07
3310 -4.1616118946895562297e-08 -1.5059167190122373338e-07
3320 -4.1309516509111259175e-08 -1.5099109917436704636e-07
3330 -4.074250154845790906e-08 -1.5069683003024578113e-07
3340 -3.9946665448933817487e-08 -1.4972756614969945777e-07
3350 -3.8959575514019534936e-08 -1.4812025674414796566e-07
3360 -3.783067391820373398e-08 -1.459367113990295475e-07
3370 -3.6603439749482549545e-08 -1.4324187502353303993e-07
3380 -3.530665348738298781e-08 -1.4009789859259985596e-07
3390 -3.3957191081234485298e-08 -1.365603423484219171e-07
3400 -3.2560305542672988669e-08 -1.3266682828477447947e-07
3410 -3.1113444039390894643e-08 -1.2843266181490423033e-07
3420 -2.9613422889769267414e-08 -1.2383465847255888747e-07
3430 -2.8055876611758687001e-08 -1.188343081932261844e-07
3440 -2.6437676083305588635e-08 -1.1340031731273918351e-07
3450 -2.4754782584817148661e-08 -1.0751632039452715893e-07
3460 -2.3003085593607460613e-08 -1.0119152296296009685e-07
3470 -2.1174852986040753576e-08 -9.4451961627402566688e-08
3480 -1.9272998944166826968e-08 -8.7344312387771403335e-08
3490 -1.7307677574720551498e-08 -7.9920384202753687913e-08
3500 -1.5297176085802053076e-08 -7.2236970582119763949e-08
3510 -1.32720488490880544e-08 -6.4354530558862741928e-08
3520 -1.1268502066568148856e-08 -5.6347876259697128131e-08
3530 -9.3241092808712843015e-09 -4.8300524747402249283e-08
3540 -7.4570568801108906452e-09 -4.0280068182477395609e-08
3550 -5.6707965017344749308e-09 -3.2342433829984074968e-08
3560 -3.9555717382319040429e-09 -2.4527068806206101833e-08
3570 -2.2951346439857537594e-09 -1.6864750828356322926e-08
3580 -6.8043667426019763373e-10 -9.3777137865475098392e-09
3590 8.8721775445861669019e-10 -2.0885192958240278173e-09
3600 2.3899739691261943937e-09 4.9680314681593527277e-09
3610 3.8041716552418615481e-09 1.1751331373416883651e-08
3620 5.0977768358055893507e-09 1.8200448640522957739e-08
3630 6.2392479658670853252e-09 2.4242059019904812928e-08
3640 7.2013766316348462603e-09 2.9793269838654064801e-08
3650 7.9696030665577103077e-09 3.4782304825735042632e-08
3660 8.5514072861898547946e-09 3.9159385069121707188e-08
3670 8.9794432314371773851e-09 4.2902900019785218905e-08
3680 9.3140527200316494055e-09 4.6042793225005376446e-08
3690 9.6256814117277011998e-09 4.8642143724085422438e-08
3700 9.9797341091289954994e-09 5.0784733131810521277e-08
3710 1.0416416961706475258e-08 5.2546604399687517886e-08
3720 1.0945272639382311108e-08 5.3992488844660852711e-08
3730 1.1537459794113157747e-08 5.516228072360411795e-08
3740 1.2128808670915471892e-08 5.6051110963471203627e-08
3750 1.263346171280124662e-08 5.6638207966362416635e-08
3760 1.2964599582062562317e-08 5.6896373259903435861e-08
3770 1.3049903866640929402e-08 5.6807961204464051312e-08
3780 1.284186664497468732e-08 5.6386023218392705272e-08
3790 1.2325782352459360093e-08 5.5687969371546868538e-08
3800 1.1516165949959171503e-08 5.4789734894766268913e-08
3810 1.0450524145581906022e-08 5.3776374039134964993e-08
3820 9.173460938237120465e-09 5.270938598678262954e-08
3830 7.7334973385636351549e-09 5.1615228596980962192e-08
3840 6.1737221074201578255e-09 5.048317542987530449e-08
3850 4.5379785555832098459e-09 4.927915521913736338e-08
3860 2.8767774061225945056e-09 4.7973232334101885703e-08
3870 1.2425724130561752799e-09 4.6548079393530491202e-08
3880 -3.1167874738320530999e-10 4.4994396387856101601e-08
3890 -1.7447869375335605638e-09 4.3307400274701943735e-08
3900 -3.0390232805246296334e-09 4.1472033216577817543e-08
3910 -4.1945690217252292003e-09 3.9469207587520340249e-08
3920 -5.2234583527419601777e-09 3.7269180843789160678e-08
3930 -6.1362579226159639637e-09 3.4853480220825031628e-08
3940 -6.9343772066789355753e-09 3.2210005450976957696e-08
3950 -7.6153678517253429114e-09 2.9347368636407470949e-08
3960 -8.1644461251302229125e-09 2.6297704341289112367e-08
3970 -8.5602402068316671681e-09 2.3118638384250084719e-08
3980 -8.7610015540075671469e-09 1.9913090275429068124e-08
3990 -8.7041328942710553381e-09 1.6831065851249941653e-08
4000 -8.3108246699517124731e-09 1.4066179927688307102e-08
4010 -7.4990123634362963506e-09 1.1834186644438875723e-08
4020 -6.2163887481794655211e-09 1.0313191847659709389e-08
4030 -4.4585311693228066188e-09 9.6247009084808801026e-09
4040 -2.2752111239957894923e-09 9.8113590551249153867e-09
4050 2.3501481200466272369e-10 1.0836354032652834478e-08
4060 2.9452491949354867058e-09 1.2594960805049458237e-08
4070 5.7236108897518258418e-09 1.4939348627029675907e-08
4080 8.4538201849816506207e-09 1.769898202871957794e-08
4090 1.1047196758015795652e-08 2.0695138485949877882e-08
4100 1.3445950212789382669e-08 2.3757419190403745567e-08
4110 1.5622714533970653711e-08 2.6734499268951479626e-08
4120 1.757140755466490064e-08 2.950868263922461461e-08
4130 1.930465270536093765e-08 3.1989769328243054489e-08
4140 2.0843200619662799017e-08 3.4111117680428165206e-08
4150 2.2201382546019061049e-08 3.5817594088723365834e-08
4160 2.3381899149341326643e-08 3.7071666071507522727e-08
4170 2.4375205262922121201e-08 3.7851617590973974821e-08
4180 2.5164465307602362868e-08 3.8170876002578922491e-08
4190 2.5731564528177229483e-08 3.8077972089470048319e-08
4200 2.6057773246673051934e-08 3.7650175327008380992e-08
4210 2.6122037496011881977e-08 3.6976723050120668511e-08
4220 2.590491105911582644e-08 3.6152756816323901272e-08
4230 2.53912624216769725e-08 3.526805863440476841e-08
4240 2.4569971036431487596e-08 3.4400770191502731904e-08
4250 2.3436222907118483551e-08 3.3605004767918796226e-08
4260 2.199421882609200146e-08 3.29221738819779739e-08
4270 2.0257977388051555938e-08 3.2374123540863100026e-08
4280 1.8253763436142965232e-08 3.1983062197474444772e-08
4290 1.6021654107842340621e-08 3.1769192734753727092e-08
4300 1.3607917307938986962e-08 3.1737612356906039005e-08
4310 1.1060630932271955669e-08 3.1844888330858913161e-08
4320 8.4257204470778569709e-09 3.2012291791303174671e-08
4330 5.7453328611383613813e-09 3.2133802280607739774e-08
4340 3.0523983148370602737e-09 3.2103856073004136441e-08
4350 3.740179490015881253e-10 3.1834845273885536332e-08
4360 -2.2760164316452806266e-09 3.1244580685878739727e-08
4370 -4.8867336908264765124e-09 3.0269428104872679856e-08
4380 -7.4488581708104824999e-09 2.8855360058776683188e-08
4390 -9.9545026027893745238e-09 2.6955886096599098257e-08
4400 -1.2385638891178709279e-08 2.4538859156338366902e-08
4410 -1.4723018355632865658e-08 2.1578125021533678425e-08
4420 -1.6941624387084563858e-08 1.8074892793725934609e-08
4430 -1.9016424911242417969e-08 1.4045338111627996778e-08
4440 -2.0931476139741341809e-08 9.5184700626134982075e-09
4450 -2.2675294571216100739e-08 4.5472625085615230765e-09
4460 -2.424557239411521895e-08 -8.0468778533751057277e-10
4470 -2.5650377801130526985e-08 -6.4646145322092225952e-09
4480 -2.6904537745689028228e-08 -1.2356856015387210276e-08
4490 -2.8023071211594364061e-08 -1.8402119527048215406e-08
4500 -2.9017840504148465572e-08 -2.4520085004548918803e-08
4510 -2.989160581524907856e-08 -3.0625760326136201254e-08
4520 -3.0640344063567571647e-08 -3.6640626067610821901e-08
4530 -3.1253391575183973905e-08 -4.2478331205545410184e-08
4540 -3.1722886602450988259e-08 -4.8043754984429325456e-08
4550 -3.204853527595278467e-08 -5.3248148769258225485e-08
4560 -3.2229343669014359184e-08 -5.7979463093082347718e-08
4570 -3.2271516554269625053e-08 -6.2125633032148105227e-08
4580 -3.2179233364531095646e-08 -6.5573001048269540253e-08
4590 -3.1963688136105423637e-08 -6.8239476150214158915e-08
4600 -3.1634812441770064749e-08 -7.0054851340411731695e-08
4610 -3.1210082100174138969e-08 -7.0995442618806824983e-08
4620 -3.0714942957099686163e-08 -7.1086398346658682497e-08
4630 -3.0186851304638813819e-08 -7.0428305935328715522e-08
4640 -2.9674819986757978144e-08 -6.9199273278422079738e-08
4650 -2.922501763833843599e-08 -6.7626489232957287625e-08
4660 -2.8872381795104868883e-08 -6.5968161459330985937e-08
4670 -2.8619850524952195509e-08 -6.4452400087807136598e-08
4680 -2.8440515982727328229e-08 -6.3242650295468021634e-08
4690 -2.82847918272438532e-08 -6.2441848079739882243e-08
4700 -2.8086126115099946827e-08 -6.2088479764373367994e-08
4710 -2.77804437045057012e-08 -6.2187387960739471195e-08
4720 -2.7312568767928585698e-08 -6.2719533658141974706e-08
4730 -2.6643538611586575646e-08 -6.3644740782798106075e-08
4740 -2.5760122827378169319e-08 -6.4923876272844512313e-08
4750 -2.4674405853373657076e-08 -6.6519424138964163557e-08
4760 -2.3421070046289140464e-08 -6.8388959634713287715e-08
4770 -2.2047942456119970852e-08 -7.0488903705907261535e-08
4780 -2.060909929836529226e-08 -7.2774533300121549193e-08
4790 -1.9152863634088002906e-08 -7.5174963878278571196e-08
4800 -1.7718199389171538351e-08 -7.7604801317582700261e-08
4810 -1.633348233790758772e-08 -7.9970291280155105918e-08
4820 -1.5023404025588807102e-08 -8.217450386311741805e-08
4830 -1.3802865081235705188e-08 -8.4112195637845281731e-08
4840 -1.2691269989032563793e-08 -8.5694728231779773007e-08
4850 -1.1710196262867059948e-08 -8.6858251928736931294e-08
4860 -1.0880734364037427525e-08 -8.7563013149949642603e-08
4870 -1.0224046374863325518e-08 -8.7794934218288369634e-08
4880 -9.7583891089668797581e-09 -8.7556197570270218993e-08
4890 -9.4961674381062751086e-09 -8.6872779185877785794e-08
4900 -9.437172795379843131e-09 -8.5759252062627890389e-08
4910 -9.5757908631298291137e-09 -8.4231567402884961664e-08
4920 -9.9009022754391620828e-09 -8.2300465213079272474e-08
4930 -1.0395228243248436606e-08 -7.9985895454513249244e-08
4940 -1.1043633783583821765e-08 -7.7337868114234249759e-08
4950 -1.1832149453589211288e-08 -7.4435009764546520434e-08
4960 -1.2744576199205501168e-08 -7.1383775038416851994e-08
4970 -1.375854759237586872e-08 -6.8302611717068570714e-08
4980 -1.48416879926005084e-08 -6.5312817788942628832e-08
4990 -1.5943947422079684076e-08 -6.2497202371076146307e-08
5000 -1.7006820185300640142e-08 -5.9894289435306771552e-08
