s vacf_x VACF
0 2.3444059270622445957e-06 7.2808257824280095139e-06
10 2.3395638664230874662e-06 7.2690846057919643189e-06
20 2.3281724516152818931e-06 7.2380458265311811288e-06
30 2.3105100620529510152e-06 7.1883075153449860469e-06
40 2.2869895016024528285e-06 7.1207603680259233273e-06
50 2.2581241228305747501e-06 7.0365137169160962897e-06
60 2.2244828471039493413e-06 6.9368330165881522892e-06
70 2.1866432484073967229e-06 6.8230616292194048127e-06
80 2.1451566385863279123e-06 6.6965652283953272606e-06
90 2.1005314825927177691e-06 6.5587273945404684738e-06
100 2.0532309172700556111e-06 6.4109684699681484727e-06
110 2.0036828296650346286e-06 6.2547537422162559185e-06
120 1.9523001645645513681e-06 6.0915844309341061336e-06
130 1.8994927648899847093e-06 5.9229273007484594928e-06
140 1.8456599403959289466e-06 5.7501254497354326522e-06
150 1.7911877924509125612e-06 5.5743728975666571933e-06
160 1.7364399584774698351e-06 5.3966937593604263394e-06
170 1.68174624032835354e-06 5.2179662057948378992e-06
180 1.6273990816494900698e-06 5.0389802494696147439e-06
190 1.5736477114466576463e-06 4.8604643075358920182e-06
200 1.5206932254448511087e-06 4.6831340758727981472e-06
210 1.4686864666734257589e-06 4.5076885047357436896e-06
220 1.4177281910965072076e-06 4.3347987542655481288e-06
230 1.3678665625171279095e-06 4.1650848275132293968e-06
240 1.3191094024267265291e-06 3.9991288368018864717e-06
250 1.2714424908519923133e-06 3.8374896077193742733e-06
260 1.2248485242495599992e-06 3.6806940128258749717e-06
270 1.1793249971161750383e-06 3.5292088428914569832e-06
280 1.1348895443236539429e-06 3.3834000279156742413e-06
290 1.0915684427370028772e-06 3.2435021105295173307e-06
300 1.0494002814703969153e-06 3.1096371731836688307e-06
310 1.0084297181609197103e-06 2.9818251172005053332e-06
320 9.6871110047093440047e-07 2.8599988038021483927e-06
330 9.3030494575230168607e-07 2.7440276920897227924e-06
340 8.9327051429665970018e-07 2.6337217829887384961e-06
350 8.5765420220076507566e-07 2.5288604996630019217e-06
360 8.2348754627133701498e-07 2.4291986407465542038e-06
370 7.9078394220945843347e-07 2.3344811615809269653e-06
380 7.5954077606589947406e-07 2.2444515998087065469e-06
390 7.297389126971042963e-07 2.1588894872481894112e-06
400 7.0135833916688553975e-07 2.0776346872791837121e-06
410 6.7437463895207028598e-07 2.00059513004759634e-06
420 6.4878438943450402903e-07 1.9277548716559171959e-06
430 6.2462047088735462889e-07 1.8591627946934134144e-06
440 6.0195484256306578882e-07 1.7949164986163277317e-06
450 5.8088057122864633095e-07 1.7351259649096463347e-06
460 5.614750662269648254e-07 1.6798693068240587046e-06
470 5.4377671041408941342e-07 1.6291558317714091866e-06
480 5.2776425333968994216e-07 1.5828976440674281069e-06
490 5.1335384306616120596e-07 1.5408801368484022634e-06
500 5.0040328480358974783e-07 1.5027816302033261272e-06
510 4.8872956368658877292e-07 1.4681940281978962451e-06
520 4.7812704652423312335e-07 1.4366687692852036639e-06
530 4.6838815275983322863e-07 1.4077449339649354127e-06
540 4.5931532073745227166e-07 1.380960097602462752e-06
550 4.5074586953521130001e-07 1.3558674340992691248e-06
560 4.4254120874042467125e-07 1.3320208943041664602e-06
570 4.3459039156487644367e-07 1.3089950372311232941e-06
580 4.2680699863141886845e-07 1.2864106790322890722e-06
590 4.1913056183980975981e-07 1.2639868903613133113e-06
600 4.1152201625321454631e-07 1.2415574221524850155e-06
610 4.0395973673656123676e-07 1.2190794079787974464e-06
620 3.9644068533947033581e-07 1.196602527529414931e-06
630 3.8897974906818749799e-07 1.1742410666305863969e-06
640 3.8160639160307917161e-07 1.1521419323696314265e-06
650 3.7434052741722170347e-07 1.1304487483605912686e-06
660 3.6720075024752608243e-07 1.1092883292727596727e-06
670 3.6019307214504245221e-07 1.0887852948001982451e-06
680 3.5330554163468607872e-07 1.0690425037976356498e-06
690 3.4651757519775259985e-07 1.0501435317711101575e-06
700 3.3979361424080419554e-07 1.0321508804198900646e-06
710 3.3308690469422663448e-07 1.0150880141590577144e-06
720 3.2634315347914165518e-07 9.9895425311951407652e-07
730 3.1950491497402897456e-07 9.8371886343838500055e-07
740 3.1251936750476845517e-07 9.6934980616355551642e-07
750 3.053444874005427472e-07 9.5579200500509652261e-07
760 2.9794920506503859687e-07 9.4295496804821388814e-07
770 2.9031767463252725454e-07 9.3071072869181574236e-07
780 2.8246771124304516798e-07 9.1892232461771591463e-07
790 2.7445591823070535768e-07 9.0748476319922192756e-07
800 2.6638826405674135504e-07 8.9638292082853850038e-07
810 2.58408407686178943e-07 8.8571091886797599854e-07
820 2.5066588635145934057e-07 8.7558286635427240674e-07
830 2.4326971882004178247e-07 8.6604349441412220328e-07
840 2.3628888352554919379e-07 8.5705163487713439345e-07
850 2.2976531741063170443e-07 8.4853454999609716651e-07
860 2.2373333998599878186e-07 8.4045533690685403246e-07
870 2.1823662546684775453e-07 8.3283450497463836161e-07
880 2.1331513244312536946e-07 8.2573058075657052587e-07
890 2.0899457058671126914e-07 8.1919480194751288289e-07
900 2.052735397478732462e-07 8.132483778366289956e-07
910 2.0211781756656340598e-07 8.0786507532738984995e-07
920 1.9947249038354017639e-07 8.0297233024017055868e-07
930 1.972833587066018813e-07 7.9846407361384506372e-07
940 1.9550665621187581671e-07 7.9420661856819745983e-07
950 1.9412646258691631146e-07 7.900783738690191355e-07
960 1.9315516343120705019e-07 7.8598112163822597611e-07
970 1.9262590760976316395e-07 7.8186543741247102232e-07
980 1.925706529503538335e-07 7.7771169683506464148e-07
990 1.9300959296300328016e-07 7.7353137514772718183e-07
1000 1.939477118772664594e-07 7.6932514266823501309e-07
1010 1.9537232284666124618e-07 7.6507171139222831458e-07
1020 1.972536244630321884e-07 7.607298456880514575e-07
1030 1.9954213363356135509e-07 7.562389946150158572e-07
1040 2.0216482698120917479e-07 7.5152912649074718555e-07
1050 2.0501653620266409378e-07 7.4652073694046440045e-07
1060 2.0796121799008668556e-07 7.4111376036856291271e-07
1070 2.108405415496695947e-07 7.3517949723873509591e-07
1080 2.134812549434687063e-07 7.2855888920096412566e-07
1090 2.157044031977357551e-07 7.210540883514401844e-07
1100 2.1734792349413912315e-07 7.1245717251426506926e-07
1110 2.1828337234760397404e-07 7.0257287376843476483e-07
1120 2.1841962948106407461e-07 6.9123517944515241769e-07
1130 2.1770859100580805809e-07 6.783223040604249433e-07
1140 2.1613906041319559548e-07 6.6379104875768603923e-07
1150 2.1373532380213298292e-07 6.4768864616808146931e-07
1160 2.1054887851629519095e-07 6.3016545499558586106e-07
1170 2.0665500179716387941e-07 6.1148293209346692438e-07
1180 2.0215109376769924712e-07 5.9199414295739015603e-07
1190 1.9715291373248377893e-07 5.7211415716028287733e-07
1200 1.9180082218457671219e-07 5.5228993462150598116e-07
1210 1.8624973840784995675e-07 5.3295284280785285972e-07
1220 1.8066104228473136835e-07 5.1447192149025028928e-07
1230 1.751723527286476867e-07 4.9711068215771962075e-07
1240 1.6987427348329938471e-07 4.8097618104709029363e-07
1250 1.6480744874442066142e-07 4.6602425740013595266e-07
1260 1.5997487926821715103e-07 4.520937724642059694e-07
1270 1.5535265442597987414e-07 4.3895952423545438224e-07
1280 1.5091628450241205793e-07 4.2640794394101212039e-07
1290 1.4664217349647313135e-07 4.1428539853758610428e-07
1300 1.425130195837282456e-07 4.0252117930317593106e-07
1310 1.3851767172940380864e-07 3.9110836593716774596e-07
1320 1.3465337230355824579e-07 3.8009478269732547866e-07
1330 1.3093604842819433623e-07 3.6956206840749767037e-07
1340 1.2740401047386911851e-07 3.5960654240094445334e-07
1350 1.2411540130216674389e-07 3.5032720655596089156e-07
1360 1.211383606792642993e-07 3.4181562954560150205e-07
1370 1.185421347346802075e-07 3.3413927884847563075e-07
1380 1.163811334874954209e-07 3.2734639234972017504e-07
1390 1.1467620502197191865e-07 3.2145360225020897973e-07
1400 1.1340961489874827629e-07 3.1644783836377375465e-07
1410 1.1252632692769596357e-07 3.1228635465758958992e-07
1420 1.1194680316771584871e-07 3.0890775697871389764e-07
1430 1.115838763312135748e-07 3.0623925699559270163e-07
1440 1.1135720883211261669e-07 3.0418409262687307879e-07
1450 1.1120515378618435819e-07 3.0263377998233306784e-07
1460 1.1108100980332839646e-07 3.0146076596846329593e-07
1470 1.1094313541071885424e-07 3.0050515399075387371e-07
1480 1.107658210045490962e-07 2.9961208414358183543e-07
1490 1.1052688976095423185e-07 2.9865841956117297059e-07
1500 1.1021180777580698816e-07 2.9758093587207552805e-07
1510 1.0981185974742041246e-07 2.9638788678234491223e-07
1520 1.0932790896272521544e-07 2.9512964152549753758e-07
1530 1.0876907921259275761e-07 2.9386454187865048414e-07
1540 1.081547423485635821e-07 2.926171671662381859e-07
1550 1.075024760149231306e-07 2.9134320289775114452e-07
1560 1.0681481660874339009e-07 2.8990316396038883308e-07
1570 1.0607045801838027411e-07 2.8809111217626140672e-07
1580 1.0520975839837916558e-07 2.8566189099286439154e-07
1590 1.0413965957943502816e-07 2.8238048311057932721e-07
1600 1.027394935805707214e-07 2.7806568281306386332e-07
1610 1.0088846560385368165e-07 2.7262732495554136913e-07
1620 9.8481311228149287261e-08 2.6608555414558949332e-07
1630 9.5447412802176868258e-08 2.5856694218940862716e-07
1640 9.1762260876295819544e-08 2.5028788600765887951e-07
1650 8.7445579436332289698e-08 2.4151910342745653676e-07
1660 8.2580043472390221185e-08 2.3258929393056945062e-07
1670 7.732049853772195248e-08 2.2384337595060899479e-07
1680 7.18802144762027976e-08 2.1560874541803845679e-07
1690 6.6501868427157715863e-08 2.0815441125800621684e-07
1700 6.1417190773334821731e-08 2.0165610782965480272e-07
1710 5.6818572932044254248e-08 1.9618720475008939838e-07
1720 5.2831262370859832559e-08 1.9172176545165601557e-07
1730 4.9497261584362984775e-08 1.8813177072317091527e-07
1740 4.6784027922163283311e-08 1.8523071785158419282e-07
1750 4.4608658787211731198e-08 1.8280524222663465577e-07
1760 4.2880674179681284992e-08 1.8066811778366830618e-07
1770 4.1529566849156679812e-08 1.7869360078419964958e-07
1780 4.0514742935902306993e-08 1.7682860094496475878e-07
1790 3.9803770130720473606e-08 1.7506203712029094533e-07
1800 3.9352477737359641159e-08 1.7340279149611158182e-07
1810 3.9090587264480690697e-08 1.7186536485708210078e-07
1820 3.8924686087249712643e-08 1.7045649073107972705e-07
1830 3.8762519120955315508e-08 1.6920353755653000025e-07
1840 3.853974767744019097e-08 1.6817001653323694754e-07
1850 3.8233391145592222937e-08 1.6746466364147254927e-07
1860 3.7854279436801830329e-08 1.6720821347307441512e-07
1870 3.7443126452643164278e-08 1.6750710642864833497e-07
1880 3.7045669520695051609e-08 1.6843438184862430082e-07
1890 3.6702688544324211203e-08 1.7001240594915088272e-07
1900 3.643104684259346747e-08 1.7220907198373228243e-07
1910 3.6212285623577829115e-08 1.7496383313812712576e-07
1920 3.6004155721324009114e-08 1.7820092899445675424e-07
1930 3.5759300265851837837e-08 1.8182481697297888118e-07
1940 3.5443592282959877893e-08 1.8571088575839944035e-07
1950 3.5056526196805705111e-08 1.8972992140152569526e-07
1960 3.4628330993967683223e-08 1.9374489939977876871e-07
1970 3.4220267620774532531e-08 1.9764372779043874048e-07
1980 3.38956570416677289e-08 2.0133591846681628577e-07
1990 3.371555280074351494e-08 2.047640191842816353e-07
2000 3.3725091284820762834e-08 2.0789607913997944026e-07
2010 3.394321419972743445e-08 2.1071463110430562505e-07
2020 3.4372036366785856242e-08 2.1321499360049492371e-07
2030 3.4996140381078716228e-08 2.1539535673455980814e-07
2040 3.5806161030990928647e-08 2.1728775002011584098e-07
2050 3.68065594573553886e-08 2.1897028756329910832e-07
2060 3.8014902848537239848e-08 2.2056192245646544143e-07
2070 3.944307631127961422e-08 2.2218028778223045717e-07
2080 4.1082073101877056788e-08 2.2390117672094049018e-07
2090 4.289287411110149198e-08 2.257360452614094106e-07
2100 4.4799467329934754556e-08 2.2759960626626073062e-07
2110 4.6697846830401617009e-08 2.293428585972041847e-07
2120 4.8465898873660770557e-08 2.3077017728830127036e-07
2130 4.9982024992391290163e-08 2.3169372736438152916e-07
2140 5.1133748008570026795e-08 2.3195988737755379998e-07
2150 5.1844998343065679414e-08 2.3147136828618893443e-07
2160 5.2078615943105692958e-08 2.3018765457349751237e-07
2170 5.1853284892301047217e-08 2.2814063746624768238e-07
2180 5.1243207562981064619e-08 2.254345244422072884e-07
2190 5.0365867366366574811e-08 2.2223444474123085516e-07
2200 4.9364954341926459305e-08 2.1874852550847064198e-07
2210 4.838414988171450236e-08 2.1518213151070318906e-07
2220 4.7558880281237077842e-08 2.1171088014978313608e-07
2230 4.7004354426703602755e-08 2.084533733602149721e-07
2240 4.6811080092628459675e-08 2.0546425234764051321e-07
2250 4.7051017547876842818e-08 2.0275294649419158433e-07
2260 4.7773445988548263704e-08 2.0031302930084098412e-07
2270 4.9006023442205097165e-08 1.9814278525534842219e-07
2280 5.0746657272669128031e-08 1.9624729288957848317e-07
2290 5.2965058300140735044e-08 1.9464968492506835012e-07
2300 5.5597998163815760372e-08 1.933738250668095339e-07
2310 5.8546817763487936323e-08 1.9241398679933299538e-07
2320 6.1685515233482687891e-08 1.9174072263089048799e-07
2330 6.4869339566829269082e-08 1.9129186437584384429e-07
2340 6.7952735591608234322e-08 1.9099419941527214652e-07
2350 7.0800339841231774995e-08 1.9079217498907992381e-07
2360 7.3300279084427050326e-08 1.9064094219896337497e-07
2370 7.5371167595296426922e-08 1.9053607486800824588e-07
2380 7.6980442525538608041e-08 1.9052473199981082149e-07
2390 7.8152005972297449185e-08 1.9071270302570896183e-07
2400 7.8941050464305571509e-08 1.9121320274409303107e-07
2410 7.9401349382653175148e-08 1.9209672290071776335e-07
2420 7.9553429485728666773e-08 1.9333921725221687276e-07
2430 7.9373204532485903343e-08 1.9483199697108578545e-07
2440 7.8808052512446439631e-08 1.9641265100241288371e-07
2450 7.7801434402874792586e-08 1.9788860405095763333e-07
2460 7.6314723869347348475e-08 1.9907214766219572168e-07
2470 7.4348105417102259214e-08 1.9981292308526967111e-07
2480 7.1963178904710588153e-08 2.0002661683955079263e-07
2490 6.9280605940281659538e-08 1.9969118295438630964e-07
2500 6.6466364410758454731e-08 1.9885421000172043891e-07
2510 6.3713122284262498849e-08 1.9761738638404551843e-07
2520 6.1213282315390941956e-08 1.961209691342378143e-07
2530 5.9140138090269508698e-08 1.9452681210667663804e-07
2540 5.7632688128860952435e-08 1.9299965575262423018e-07
2550 5.6783051430803874627e-08 1.916846415448901079e-07
2560 5.6641830495110527926e-08 1.9070638175661482003e-07
2570 5.7215107332147907249e-08 1.9014225436756071393e-07
2580 5.8461528657715080936e-08 1.90000179051420374e-07
2590 6.0299939652230808925e-08 1.9022330629169728258e-07
2600 6.2616469017928276478e-08 1.9069555646657447351e-07
2610 6.5278753178438120369e-08 1.9126261050461439732e-07
2620 6.8154977651933743946e-08 1.9178705401463604714e-07
2630 7.1112004847161626506e-08 1.9216722732236666348e-07
2640 7.4033570121926040108e-08 1.9237567899008630172e-07
2650 7.6826713195708783744e-08 1.9245290940169978711e-07
2660 7.9413033594443234156e-08 1.9247727167516791149e-07
2670 8.1728215377801828908e-08 1.9254109458473918981e-07
2680 8.3728580430083354611e-08 1.9272283771415652205e-07
2690 8.5388231689410426619e-08 1.930689490506890921e-07
2700 8.6706747877315187948e-08 1.9358942964467086845e-07
2710 8.7710564087132985934e-08 1.9426057394120835446e-07
2720 8.8443738862740362877e-08 1.9504563405651396623e-07
2730 8.8952737985120997787e-08 1.9588351021636575683e-07
2740 8.9270088722967945019e-08 1.9670504354090633036e-07
2750 8.9393367614361698266e-08 1.9743744728027873207e-07
2760 8.9280670343551862937e-08 1.9802477075224542175e-07
2770 8.8866513704489059326e-08 1.9844457514913242708e-07
2780 8.8082838774378977424e-08 1.9870273462431880629e-07
2790 8.6877441991224308138e-08 1.9879757992093361977e-07
2800 8.5233239011707172952e-08 1.9868987442972443825e-07
2810 8.3167333781148418235e-08 1.9828895367991914155e-07
2820 8.071277348293453781e-08 1.974753415882657642e-07
2830 7.7903268432854256392e-08 1.9614972760628493683e-07
2840 7.4753864717223591552e-08 1.9424865843614360211e-07
2850 7.1258235975134670551e-08 1.9175571113191833776e-07
2860 6.7409053325945357435e-08 1.8869648036864017874e-07
2870 6.3217406423270403875e-08 1.8512296751392982472e-07
2880 5.8738328866744858069e-08 1.8111954290142284142e-07
2890 5.4077989254557543778e-08 1.7681041175678872199e-07
2900 4.9381783069552666595e-08 1.7234144029272945389e-07
2910 4.480575504391549086e-08 1.6784682331730825703e-07
2920 4.048786589399658144e-08 1.634335559269205751e-07
2930 3.65214463933043931e-08 1.5915625840200541887e-07
2940 3.2953075316831738965e-08 1.5502927359273599029e-07
2950 2.9788987650154877787e-08 1.5105347379121359974e-07
2960 2.7006936781005135217e-08 1.4723053710679933165e-07
2970 2.456451370616664546e-08 1.4355500411921181931e-07
2980 2.2417087686389128146e-08 1.400155305899031957e-07
2990 2.0528414723636833337e-08 1.3659186278007595775e-07
3000 1.8869628478414525301e-08 1.3323903308345064558e-07
3010 1.7416570477274155778e-08 1.2988910695284223175e-07
3020 1.6145407625081926914e-08 1.2647527932403629759e-07
3030 1.5038077118070811152e-08 1.2295034199783466182e-07
3040 1.4071180571893155917e-08 1.1930060515592665617e-07
3050 1.3213136209457987427e-08 1.1553914046586935658e-07
3060 1.2425378173021143879e-08 1.1168534158813902433e-07
3070 1.1669919675667768082e-08 1.0774353002054574125e-07
3080 1.0927794548692171372e-08 1.0370468990744778198e-07
3090 1.0215047409275795971e-08 9.9553733358141044903e-08
3100 9.5979289249691877628e-09 9.5289699175863397486e-08
3110 9.1826350980988541267e-09 9.0934213181037507149e-08
3120 9.104155122616618258e-09 8.6554330965838888243e-08
3130 9.4973543699244154547e-09 8.2263181503122649947e-08
3140 1.0473603264951560993e-08 7.8220262879751374043e-08
3150 1.2096989868650730753e-08 7.4607557126942667056e-08
3160 1.4381430885658974419e-08 7.1596670787650560817e-08
3170 1.7295640140327821863e-08 6.932047664061234898e-08
3180 2.0773689562328532193e-08 6.7853964084860229173e-08
3190 2.4714584535149767782e-08 6.7203321835707861379e-08
3200 2.8980001676965032613e-08 6.7316106477812072464e-08
3210 3.340208173884778787e-08 6.8078412558275003203e-08
3220 3.7800650275491242129e-08 6.9336917141554436303e-08
3230 4.2004702965283308324e-08 7.0912250294788760835e-08
3240 4.5880203800036587855e-08 7.2616162675885213983e-08
3250 4.9342385067458636673e-08 7.4253833141694888243e-08
3260 5.2356398661067224589e-08 7.5649977171088097147e-08
3270 5.4937163754812473221e-08 7.6662625144366051443e-08
3280 5.71367736838569083e-08 7.719527615342836443e-08
3290 5.9024599235484187541e-08 7.7185988610270201799e-08
3300 6.0669522272222902699e-08 7.661113883705551578e-08
3310 6.2134732404930665726e-08 7.5476919843536771256e-08
3320 6.3468808250220192183e-08 7.3812263208919459417e-08
3330 6.4698153408564741196e-08 7.1685296857981997615e-08
3340 6.5827820179099605458e-08 6.9191589582616822578e-08
3350 6.6845075136857728601e-08 6.6435863639938876978e-08
3360 6.7721391818175517713e-08 6.3505833649762563202e-08
3370 6.8422829834833547026e-08 6.0459033768536418339e-08
3380 6.8916857378321394612e-08 5.7305264852424438424e-08
3390 6.9189947353513110601e-08 5.4046552224899321313e-08
3400 6.9260914460033168756e-08 5.0704606022774171429e-08
3410 6.9177656440353617854e-08 4.7352276154134110347e-08
3420 6.9019484786156702165e-08 4.4140273329163132244e-08
3430 6.8869890007624651734e-08 4.1247030155641882189e-08
3440 6.8797222457842393007e-08 3.8836352987166393222e-08
3450 6.8830804481676104766e-08 3.7007461186274820286e-08
3460 6.8965991413295039912e-08 3.579665062058509495e-08
3470 6.9175785701173050987e-08 3.5200921480444191491e-08
3480 6.9432228542998414258e-08 3.5199249424082529564e-08
3490 6.971467289206853819e-08 3.5790694151281137616e-08
3500 7.0014636386582328275e-08 3.7004985346367479969e-08
3510 7.0333066104506196857e-08 3.889248906289346902e-08
3520 7.0664384313747720354e-08 4.1490278034119088206e-08
3530 7.1000746494216229308e-08 4.4815527412974275614e-08
3540 7.132733766694435146e-08 4.885287258465030371e-08
3550 7.1628547765618810728e-08 5.3538940861984635108e-08
3560 7.1903535854180410303e-08 5.8786243107489237861e-08
3570 7.2180617934577683438e-08 6.4510990913666016174e-08
3580 7.2514024539196879327e-08 7.0632968987634696686e-08
3590 7.2971825297395743056e-08 7.7078365984691230693e-08
3600 7.3625898870469648345e-08 8.3781071029054745879e-08
3610 7.4520213298675410953e-08 9.0670341410855207228e-08
3620 7.5660428302426041076e-08 9.7662429782018773629e-08
3630 7.7010231799049976933e-08 1.0464633788185551831e-07
3640 7.8511833150024673918e-08 1.1148800873054989092e-07
3650 8.0104647766501016762e-08 1.1804673553224950055e-07
3660 8.1740054142280213789e-08 1.2418846457925614914e-07
3670 8.3393194609872099705e-08 1.2981426668110005218e-07
3680 8.5054922185726635864e-08 1.3485054772754726909e-07
3690 8.6724108312983542029e-08 1.3926367152137325682e-07
3700 8.8391248290139211604e-08 1.4306214772639358297e-07
3710 9.0029520992902567674e-08 1.4628752198185073678e-07
3720 9.1594954471092023824e-08 1.4900899470294834076e-07
3730 9.302853556832016999e-08 1.5130698510778014297e-07
3740 9.4280042678078118851e-08 1.5325786081477523601e-07
3750 9.5313596819283545014e-08 1.5490928990816235267e-07
3760 9.6108991851057330803e-08 1.5628452294409885926e-07
3770 9.6656495022137018512e-08 1.5738709469453927833e-07
3780 9.6943058776823929997e-08 1.5820325648548895706e-07
3790 9.6951528036945263005e-08 1.5872603188281738403e-07
3800 9.6662112524061671607e-08 1.5895600277498905431e-07
3810 9.6066712568037893595e-08 1.5890683543110463661e-07
3820 9.5183588896577004375e-08 1.58611103884800366e-07
3830 9.4069195372083057549e-08 1.5812616494952177189e-07
3840 9.2826827673565333554e-08 1.5755773666037651426e-07
3850 9.1582933374988833159e-08 1.5704126139348569171e-07
3860 9.0455860047357606639e-08 1.5671420401613879182e-07
3870 8.9524722906983901089e-08 1.566726316526892323e-07
3880 8.8815562124268500175e-08 1.5692916356821293905e-07
3890 8.8302512985488870032e-08 1.5739790274751264365e-07
3900 8.7920614480727751983e-08 1.5790717484872013925e-07
3910 8.7595898806400776365e-08 1.5824804663566334974e-07
3920 8.7276655253494779906e-08 1.5823383299874733324e-07
3930 8.6934296216644046431e-08 1.5771133554142525927e-07
3940 8.6562529030007072933e-08 1.5657899136624559407e-07
3950 8.6172797254477686642e-08 1.5481858975886351051e-07
3960 8.5775905740991184708e-08 1.5248780057448513884e-07
3970 8.537961767710896747e-08 1.4970431925730647482e-07
3980 8.4995635608560060568e-08 1.4665111231433214338e-07
3990 8.4639639343414549345e-08 1.4354458375418802678e-07
4000 8.4323865820143351528e-08 1.4060857721560301148e-07
4010 8.4050413727705967356e-08 1.3804660468394107918e-07
4020 8.3812211449482289241e-08 1.3601440327397621704e-07
4030 8.3599656758949835913e-08 1.3462025775388132237e-07
4040 8.3401602448206087919e-08 1.3389334089610477778e-07
4050 8.3212888636150062184e-08 1.3379617684198099689e-07
4060 8.304116389196815555e-08 1.3423141254051630582e-07
4070 8.2901611273792880323e-08 1.350691396101849374e-07
4080 8.2817399001646510786e-08 1.3615772157013407947e-07
4090 8.2809499575207389642e-08 1.3735517499241820904e-07
4100 8.2893413587042764299e-08 1.3854030811564607072e-07
4110 8.3065440960875384014e-08 1.3962240928058393119e-07
4120 8.3304238732298091897e-08 1.4055070348793000103e-07
4130 8.3572961739357914647e-08 1.4130524007825661047e-07
4140 8.3840642176378108517e-08 1.4189270390363684383e-07
4150 8.4087003730713791872e-08 1.4232097720162707786e-07
4160 8.4302445338477087812e-08 1.4259455280469766168e-07
4170 8.4480162645624928418e-08 1.4271444088194835798e-07
4180 8.4599424232490709757e-08 1.4267995057474182684e-07
4190 8.4624639341634016141e-08 1.4249571836620317083e-07
4200 8.451299555911958506e-08 1.4217641916851630482e-07
4210 8.4223955959753149633e-08 1.4174999559746952943e-07
4220 8.3735442835021004607e-08 1.4126201261732396648e-07
4230 8.3055152731188532935e-08 1.4077631331542004789e-07
4240 8.2217886322936696568e-08 1.4037031795853770522e-07
4250 8.1283001948057710888e-08 1.4012151046990191518e-07
4260 8.0322664492744353417e-08 1.4009096583893254519e-07
4270 7.9402290454406407006e-08 1.4029623629943505084e-07
4280 7.8576166399762819272e-08 1.4072513599041823244e-07
4290 7.7876093761746359693e-08 1.4132557488764163332e-07
4300 7.7308760662658290232e-08 1.4201918522780480495e-07
4310 7.6844839475520097013e-08 1.4270951090693838105e-07
4320 7.6425068931219663988e-08 1.4328555367923052886e-07
4330 7.5956703441935209467e-08 1.4361575905502887811e-07
4340 7.5321884294913546237e-08 1.4355787348196911551e-07
4350 7.439704992957088842e-08 1.429774872808802448e-07
4360 7.3067036476478717403e-08 1.4175963566088900623e-07
4370 7.1243195746439133165e-08 1.398258924241825355e-07
4380 6.8884955134358477024e-08 1.3716760261679937337e-07
4390 6.5998754828354774172e-08 1.3384199374746032274e-07
4400 6.2639937316045310654e-08 1.2997650130771075398e-07
4410 5.8888004193317574089e-08 1.2572627317311789871e-07
4420 5.4842931103929623756e-08 1.2126278840124696224e-07
4430 5.0606176568905992949e-08 1.1674690280902162408e-07
4440 4.6274337261794801885e-08 1.1232413100072789831e-07
4450 4.1926413830142968325e-08 1.0811206153820923965e-07
4460 3.7640137752914092736e-08 1.0420588585097860531e-07
4470 3.3492384646035393563e-08 1.0068832590967460291e-07
4480 2.9575409229207135193e-08 9.7621880790589067547e-08
4490 2.5986651571501392337e-08 9.503073751324199672e-08
4500 2.2815008383078606601e-08 9.2880757660851163088e-08
4510 2.013185594009030094e-08 9.1079192880649752131e-08
4520 1.7980573521616071081e-08 8.9505686954042133412e-08
4530 1.6365333982063000576e-08 8.8035088868164892741e-08
4540 1.5255971687370778796e-08 8.6564893966778091173e-08
4550 1.4589261818949410699e-08 8.5029718420235171056e-08
4560 1.4287040976600669156e-08 8.3405984442076852208e-08
4570 1.4271696347270840323e-08 8.1681350151083639953e-08
4580 1.4497736732382604558e-08 7.9859480081560810527e-08
4590 1.4947398634406136969e-08 7.7936802781987276944e-08
4600 1.5633170428079985743e-08 7.5904144284068799793e-08
4610 1.6584625563740037284e-08 7.3766748740511698924e-08
4620 1.7833979142184322989e-08 7.1543191241972231723e-08
4630 1.9411435665871301336e-08 6.9276835758770065288e-08
4640 2.1346078663522167101e-08 6.7042347457385668849e-08
4650 2.3652917579279516396e-08 6.4941959691434699114e-08
4660 2.6315910231944514217e-08 6.3078951607658775656e-08
4670 2.9265015955077074415e-08 6.153119013442981764e-08
4680 3.2382367816190339793e-08 6.0332049129463168852e-08
4690 3.5541630240172277384e-08 5.9479831968769226828e-08
4700 3.8653790147943590956e-08 5.8965775607822463094e-08
4710 4.1688368806004630699e-08 5.8789202074215580342e-08
4720 4.4661882046689946901e-08 5.8965575033243462626e-08
4730 4.7617684603755623661e-08 5.9503281510922683994e-08
4740 5.0601493881213028818e-08 6.0399808963993297974e-08
4750 5.3658679012282141029e-08 6.1645355626994828825e-08
4760 5.6823345391941354607e-08 6.3200201512897108787e-08
4770 6.0115290868585474711e-08 6.501091689400412566e-08
4780 6.353337390651556498e-08 6.7000105238091169109e-08
4790 6.705259634606297547e-08 6.9076202439964180054e-08
4800 7.0624773919283344789e-08 7.114998337130387025e-08
4810 7.4184119447747048148e-08 7.3148199964182270662e-08
4820 7.7661115007913223314e-08 7.5034880905817759753e-08
4830 8.0994770236085927464e-08 7.6807049048924067053e-08
4840 8.4132938464610081643e-08 7.8492591930628917274e-08
4850 8.7017455583605912787e-08 8.0117791521164482565e-08
4860 8.9586924654505795144e-08 8.1698203602022913322e-08
4870 9.1773610249937108567e-08 8.3223953478447664916e-08
4880 9.3515659967911400105e-08 8.466143426028371434e-08
4890 9.4773307251206241613e-08 8.597087772541100669e-08
4900 9.5531742423153230708e-08 8.7117320695801019267e-08
4910 9.5820904032097496989e-08 8.8110301666709220976e-08
4920 9.5707694035892505826e-08 8.9014528016061334619e-08
4930 9.5290743471523915714e-08 8.9944424622208596014e-08
4940 9.467182184980016567e-08 9.1027864018727060591e-08
4950 9.3938152240737880225e-08 9.236189363347093966e-08
4960 9.3152172575811410516e-08 9.3982551661209973575e-08
4970 9.2353244183796903213e-08 9.5868935474693739922e-08
4980 9.1562815530853032643e-08 9.7955768026429796302e-08
4990 9.0788732038605551988e-08 1.0017128454448455952e-07
5000 9.0023130880527614377e-08 1.024370942350942356e-07
5010 8.9248951291122499159e-08 1.0470020428513373975e-07
5020 8.8443127942801500597e-08 1.0691491090448820379e-07
5030 8.7583123255740853058e-08 1.0903288630724548292e-07
5040 8.6651311200444235123e-08 1.1099398924377610302e-07
5050 8.5641074352751155156e-08 1.1272242599054203535e-07
5060 8.4557516690715901818e-08 1.1412968640899680962e-07
5070 8.3415044349661709172e-08 1.1515261984063261395e-07
5080 8.2225032667152775924e-08 1.1573310469742861317e-07
5090 8.1005254037679120462e-08 1.158380379178663785e-07
5100 7.9786078404827487994e-08 1.1544809911810108021e-07
5110 7.8599970931486988727e-08 1.145497267757588193e-07
5120 7.7472360500075019908e-08 1.1311434433122042197e-07
5130 7.6415760851330306457e-08 1.1111168029914370092e-07
5140 7.5439352202984614406e-08 1.0853773444621721149e-07
5150 7.4559608088676443111e-08 1.0545404679796101389e-07
5160 7.3815328884710840415e-08 1.0198224988571316626e-07
5170 7.3262814069268514028e-08 9.8281639624703203521e-08
5180 7.296261021723851784e-08 9.4511433661196804606e-08
5190 7.295720449012801307e-08 9.079868788408527273e-08
5200 7.3258695650307427467e-08 8.7217191363532588803e-08
5210 7.3839752569819860732e-08 8.3797105625983264839e-08
5220 7.4633225247677383223e-08 8.0540307109142319932e-08
5230 7.5538809715607587438e-08 7.7430311522888726998e-08
5240 7.6433249231042090189e-08 7.4433796068105662116e-08
5250 7.7198388293804090153e-08 7.1515755398751097631e-08
5260 7.7736816688145114812e-08 6.8636524609125402032e-08
5270 7.7983412166882805023e-08 6.5759153260462180519e-08
5280 7.7915777094814941848e-08 6.2859361444959688261e-08
5290 7.754916268776691098e-08 5.9934247518303796696e-08
5300 7.6917291729891768044e-08 5.7004294491204557128e-08
5310 7.6060156033761916924e-08 5.4115064258490671474e-08
5320 7.5007288051916069176e-08 5.1308481623248427193e-08
5330 7.3758923890097906398e-08 4.8614609448997712833e-08
5340 7.2287225653161623935e-08 4.6045931666507186262e-08
5350 7.0546400477140895687e-08 4.3606802741786507266e-08
5360 6.8491251842020151615e-08 4.1309856045520805666e-08
5370 6.6096134126970987978e-08 3.9184285320052348929e-08
5380 6.3371303228712758757e-08 3.7294219328614349623e-08
5390 6.03756122561278272e-08 3.5751745339431284218e-08
5400 5.720964698074063872e-08 3.471431730339724989e-08
5410 5.3995045257860439405e-08 3.4366664970854286198e-08
5420 5.0851935323593664567e-08 3.4878666842727290436e-08
5430 4.7869673806595372164e-08 3.6356131234270404034e-08
5440 4.5096715549434500861e-08 3.8805357965013612518e-08
5450 4.2531644821971504477e-08 4.2133095195259389586e-08
5460 4.0133949082232301962e-08 4.6169184195644044245e-08
5470 3.7841060141925618378e-08 5.0708865028507199198e-08
5480 3.5584123753399343508e-08 5.5560462945673306456e-08
5490 3.3321269718954935723e-08 6.0573362860522435393e-08
5500 3.1035517508317602974e-08 6.5618507513201829369e-08
5510 2.8745903203230375575e-08 7.0592760833359537728e-08
5520 2.6491123328927022222e-08 7.5409321382036684778e-08
5530 2.4322048388407685643e-08 8.0003850545584183082e-08
5540 2.2290461099047481168e-08 8.4350742666843683855e-08
5550 2.0441180586696562269e-08 8.8451574082196004468e-08
5560 1.8811116958434121017e-08 9.2336451813958727956e-08
5570 1.741717565451948355e-08 9.6047934381580533817e-08
5580 1.6263806769957177883e-08 9.9633669029407919554e-08
5590 1.5346745115874381632e-08 1.0313358467631839532e-07
5600 1.4657255626187873709e-08 1.0656944365909536654e-07
5610 1.4181842171076048505e-08 1.0991843323813841724e-07
5620 1.3887415433285096638e-08 1.1308821057354008457e-07
5630 1.3730125300600738032e-08 1.15942957082000741e-07
5640 1.3646631912698525872e-08 1.1832736034821354425e-07
5650 1.3566088989179146583e-08 1.2010510561404127482e-07
5660 1.3428963764254814947e-08 1.2118691111576378768e-07
5670 1.3206866915309173563e-08 1.2157155840710500814e-07
5680 1.2915299046416880609e-08 1.2133561071599762212e-07
5690 1.2613703044635159792e-08 1.20617135576379703e-07
5700 1.239179845122167512e-08 1.1958150538352833544e-07
5710 1.2334113187991926071e-08 1.1836871720376311777e-07
5720 1.2504819161027883812e-08 1.1706861931218059222e-07
5730 1.2938560065963942743e-08 1.1571699341461117048e-07
5740 1.363542732642877119e-08 1.1431255308864470355e-07
5750 1.4575759271131666606e-08 1.1285455574195262145e-07
5760 1.5733434286747293193e-08 1.1136576634864489311e-07
5770 1.7070457250334622019e-08 1.0989588439773104e-07
5780 1.8537950524606905404e-08 1.0851290214280611746e-07
5790 2.0075215569454577777e-08 1.0729217326946244672e-07
5800 2.1613508455632220338e-08 1.0629879975725346671e-07
5810 2.3084120626861650301e-08 1.0558113077097746783e-07
5820 2.4416017904446306697e-08 1.0514296298301703112e-07
5830 2.5530348954542500918e-08 1.0494581233583363313e-07
5840 2.6337707905582660342e-08 1.0490933933952681951e-07
5850 2.6756174178589396763e-08 1.0495223945593507725e-07
5860 2.6729361740363017636e-08 1.0501974871271544786e-07
5870 2.6237304480964160135e-08 1.0509847357054305077e-07
5880 2.5284002928298695014e-08 1.0519974662722619753e-07
5890 2.3889298358340486618e-08 1.0533241845549816202e-07
5900 2.2083616596777289076e-08 1.0550382280908239619e-07
5910 1.9911635329383620361e-08 1.0570534521718995474e-07
5920 1.743282041693898505e-08 1.0591168719292806427e-07
5930 1.4715150366667104224e-08 1.0609139206402815957e-07
5940 1.1829446780694203114e-08 1.061814110931135229e-07
5950 8.8279119613450622786e-09 1.0607329251767194143e-07
5960 5.7381278054678119523e-09 1.0560835014085850946e-07
5970 2.5650553908280749706e-09 1.0459624584126226503e-07
5980 -6.9228362936035059089e-10 1.0285620149658204443e-07
5990 -4.0166988814340548727e-09 1.0024987816449319801e-07
6000 -7.3494603360931083391e-09 9.673496341471062359e-08
6010 -1.0600061171586609278e-08 9.2371432180636518337e-08
6020 -1.3671034800150103472e-08 8.7279742391829700814e-08
6030 -1.6484357773783915509e-08 8.1598234890742867186e-08
6040 -1.8995287636989595998e-08 7.54329135125475905e-08
6050 -2.1195135268172740963e-08 6.883925678891922186e-08
6060 -2.3108264873447278267e-08 6.1817758155159191222e-08
6070 -2.4778217097738971257e-08 5.4365818280893562401e-08
6080 -2.6261763178888201221e-08 4.6477456785094086152e-08
6090 -2.7607941055404199266e-08 3.8190636846068974885e-08
6100 -2.883817171705474041e-08 2.9628344029877389326e-08
6110 -2.994095702260769922e-08 2.0993100185477646878e-08
6120 -3.0857470641272677034e-08 1.2559203978555348253e-08
6130 -3.1515570507522452797e-08 4.6044934824466843246e-09
6140 -3.1854312889848148704e-08 -2.6335304005780576214e-09
6150 -3.1829763207176313031e-08 -8.9777297690188345306e-09
6160 -3.1410649061175511788e-08 -1.429068493363867193e-08
6170 -3.0576057307374707605e-08 -1.8461044322373754815e-08
6180 -2.9322292343574513116e-08 -2.141716732375715116e-08
6190 -2.7664242292681676601e-08 -2.3129971471159995735e-08
6200 -2.5645231386635130338e-08 -2.3632224651314600856e-08
6210 -2.3328505758167353491e-08 -2.3034497339750995847e-08
6220 -2.0791598460792172888e-08 -2.149876141385916915e-08
6230 -1.8117675119125561743e-08 -1.9216951713026300109e-08
6240 -1.5371779531162167886e-08 -1.63665811851362517e-08
6250 -1.259816995752630476e-08 -1.3079085425634337055e-08
6260 -9.830776097844193863e-09 -9.4374707927397761329e-09
6270 -7.106196249700096333e-09 -5.508854467213330585e-09
6280 -4.4757739797627787554e-09 -1.3543669605118738909e-09
6290 -2.0033353854311561571e-09 2.9405369925484709787e-09
6300 2.4837944115640569471e-10 7.2660903421672979338e-09
6310 2.2187424974193355613e-09 1.1489544346037146586e-08
6320 3.8507171107840297686e-09 1.5457773234436279001e-08
6330 5.099479478422484694e-09 1.9030885425042717693e-08
6340 5.9360307144857250674e-09 2.2087291365737475689e-08
6350 6.3604581773863933331e-09 2.4537382111932481676e-08
6360 6.4031798380035325068e-09 2.6311270402865270914e-08
6370 6.125434224336529302e-09 2.73729958580114684e-08
6380 5.6273274846273196787e-09 2.7723539038990619887e-08
6390 5.0386442885467724627e-09 2.7400655333266665741e-08
6400 4.504699695948692567e-09 2.6485451749728512209e-08
6410 4.1654578271351569946e-09 2.5090955075804272313e-08
6420 4.1457794659987661231e-09 2.3357352512406170806e-08
6430 4.5382719267556272376e-09 2.1439524606435110544e-08
6440 5.3948218898690872232e-09 1.9495814392042960983e-08
6450 6.724035530246743445e-09 1.7662865794570099568e-08
6460 8.4835222308906562716e-09 1.6047444501622212793e-08
6470 1.0587414255503042006e-08 1.4706018049099613335e-08
6480 1.2909583516295877322e-08 1.3653288927458430181e-08
6490 1.5293920063715964472e-08 1.2864970821091941293e-08
6500 1.757423001738202227e-08 1.2297169387755555023e-08
6510 1.9603611414784867371e-08 1.1907931910669775874e-08
6520 2.1282171526081582082e-08 1.1682018397154145546e-08
6530 2.2565355441563587127e-08 1.1636520993185603149e-08
6540 2.3459052374253925997e-08 1.1817064428956946152e-08
6550 2.3990040131724791488e-08 1.2268354491409363641e-08
6560 2.4199849397059753372e-08 1.3013012755231386707e-08
6570 2.4129660328145899899e-08 1.4027231830690007024e-08
6580 2.3834942413816235167e-08 1.5261248216612023242e-08
6590 2.3379549427461698401e-08 1.6649368270015479354e-08
6600 2.283511751475904128e-08 1.8124569895903221307e-08
6610 2.2249982887781688928e-08 1.9629408804627044421e-08
6620 2.1643367252655738878e-08 2.1118977419581590008e-08
6630 2.1005765768208111636e-08 2.2565212905223272277e-08
6640 2.0305212372495275558e-08 2.3965399136421718285e-08
6650 1.9502790732486370884e-08 2.5331064819011056737e-08
6660 1.8563129918127337785e-08 2.6697017486927526837e-08
6670 1.7460792729484034103e-08 2.8093142571339086411e-08
6680 1.6182684488907567941e-08 2.9530153127371635988e-08
6690 1.4729317250097524714e-08 3.0985193035878066871e-08
6700 1.3117807930924395732e-08 3.2409629433538059136e-08
6710 1.1382950846517227303e-08 3.3745905702242706282e-08
6720 9.5708729179063585516e-09 3.4923111970520027839e-08
6730 7.7295117817211781732e-09 3.5854406283692597566e-08
6740 5.9060506804542189569e-09 3.6425336517287591719e-08
6750 4.1347629452193435728e-09 3.6482499702026391511e-08
6760 2.4428653716318587226e-09 3.5851923277641982419e-08
6770 8.4497646330574342189e-10 3.4373373818845473444e-08
6780 -6.4815435687639205557e-10 3.1967799255609904321e-08
6790 -2.0214882815159644017e-09 2.8669538864043889685e-08
6800 -3.2467281359939891112e-09 2.4622125013345153499e-08
6810 -4.2738718814609704789e-09 2.0065541890366145409e-08
6820 -5.0444190651387038274e-09 1.527736062112711024e-08
6830 -5.5099813273734909984e-09 1.0511487791845520121e-08
6840 -5.6481594099849342727e-09 5.9591118897295401193e-09
6850 -5.464602344426085064e-09 1.7406857884876960597e-09
6860 -5.0052640797727339046e-09 -2.0773864879609351427e-09
6870 -4.3470620717571173211e-09 -5.4707599866939092186e-09
6880 -3.5889960671110783095e-09 -8.4354313566031496818e-09
6890 -2.841300840771158275e-09 -1.0988160254537632744e-08
6900 -2.2119567979767671905e-09 -1.3153739376739844467e-08
6910 -1.7960325453158242945e-09 -1.4952194723066243734e-08
6920 -1.6601770600599111232e-09 -1.6386486737000629135e-08
6930 -1.850446226322041198e-09 -1.7435692795989635925e-08
6940 -2.4065829642040992747e-09 -1.8073708838363061922e-08
6950 -3.3722696870188638641e-09 -1.8279591125277050595e-08
6960 -4.7942185681691925202e-09 -1.8048772061353063156e-08
6970 -6.7135522664861291304e-09 -1.7405090385297858926e-08
6980 -9.1539675744291358082e-09 -1.6408688088116617172e-08
6990 -1.2096627212201421268e-08 -1.5142703914412138459e-08
7000 -1.5473815701916040744e-08 -1.369328128549976963e-08
7010 -1.9167925100598294042e-08 -1.2128906297464303169e-08
7020 -2.302846768839981563e-08 -1.0495536926088076874e-08
7030 -2.6891711881291198827e-08 -8.807027976854106433e-09
7040 -3.0604088450272102571e-08 -7.064275716981718335e-09
7050 -3.4026988161067603395e-08 -5.2369919448049615714e-09
7060 -3.7043506952726901677e-08 -3.3033726565482176954e-09
7070 -3.9579827860584662612e-08 -1.2485837325366154339e-09
7080 -4.1607227743942320377e-08 8.9453441773147128813e-10
7090 -4.3134554810956853404e-08 3.0537620698062320392e-09
7100 -4.4192078896220562082e-08 5.1451239767657685342e-09
7110 -4.4809250227093260148e-08 7.117074024443804741e-09
7120 -4.4983152438439071952e-08 8.9929725333662798657e-09
7130 -4.4691808139812448531e-08 1.0852776625183313137e-08
7140 -4.3912821727608187201e-08 1.2789933607809871469e-08
7150 -4.2644801212161664508e-08 1.4883060527067582458e-08
7160 -4.0915829361692560201e-08 1.7174781844030224992e-08
7170 -3.8789445129966356813e-08 1.9652499183802033304e-08
7180 -3.6358481031646604952e-08 2.2257252397010221624e-08
7190 -3.3734662446028182861e-08 2.4908539945149505199e-08
7200 -3.1043952038328890533e-08 2.7514352648054806859e-08
7210 -2.8419062673557659341e-08 2.9980179776033099055e-08
7220 -2.5986064014453557568e-08 3.2201893657098231498e-08
7230 -2.3862508007862582011e-08 3.4056598231700670739e-08
7240 -2.2143528595603453891e-08 3.5408478746699123919e-08
7250 -2.0888275895622231082e-08 3.6119249425081768011e-08
7260 -2.0118964331722449181e-08 3.6050940624758211171e-08
7270 -1.9808780643302142512e-08 3.5103071528576391598e-08
7280 -1.9886738186135034081e-08 3.32311869219441586e-08
7290 -2.0257351991122837012e-08 3.0439862323248825032e-08
7300 -2.0821181610369800804e-08 2.6794051963353713397e-08
7310 -2.1505557285921253927e-08 2.2408309770387126672e-08
7320 -2.2275993879483178005e-08 1.7441274651184909266e-08
7330 -2.3123463988608366724e-08 1.2095197581941826897e-08
7340 -2.4039636740633107373e-08 6.5903106623328075323e-09
7350 -2.4980660250243170137e-08 1.1515642078679209194e-09
7360 -2.585503287351322793e-08 -4.0141739013186247517e-09
7370 -2.6538978116720299596e-08 -8.7409808099921556714e-09
7380 -2.6906682345374483259e-08 -1.2910647577454759724e-08
7390 -2.687225937476375248e-08 -1.6449720582888384663e-08
7400 -2.6423983084221495219e-08 -1.9322741582158184752e-08
7410 -2.5620826587070153805e-08 -2.1540135340314617263e-08
7420 -2.458426279779341105e-08 -2.3159155589386772219e-08
7430 -2.3461396766636465614e-08 -2.4264242097775540109e-08
7440 -2.2395285834950622351e-08 -2.4955287890168404121e-08
7450 -2.1510220210725262957e-08 -2.5351289790273688975e-08
7460 -2.0906372082994529692e-08 -2.5575025745931932183e-08
7470 -2.0661198603165586419e-08 -2.5757551315003037e-08
7480 -2.082083734183832989e-08 -2.6030845480231639362e-08
7490 -2.1389322716330744717e-08 -2.6510149696511852371e-08
7500 -2.2335399124469204565e-08 -2.7279175928658989632e-08
7510 -2.3598824038090176861e-08 -2.8377676746252782249e-08
7520 -2.510318929371167602e-08 -2.9804576248377659885e-08
7530 -2.6771231009499503773e-08 -3.1528654800850573049e-08
7540 -2.8532974596239008253e-08 -3.3514875831011930375e-08
7550 -3.0318678782813402285e-08 -3.5713550600693664123e-08
7560 -3.204940125722099989e-08 -3.8053104229983384905e-08
7570 -3.3634694183758270508e-08 -4.0424561777901753091e-08
7580 -3.4975304891824927779e-08 -4.269122403669821217e-08
7590 -3.5972129605995750239e-08 -4.4682537365163472396e-08
7600 -3.6546600248952996553e-08 -4.6217506335714287713e-08
7610 -3.665202786628477025e-08 -4.7136102244781767192e-08
7620 -3.627728951409193411e-08 -4.7325443224317486339e-08
7630 -3.5453044539288017716e-08 -4.6746582234477884652e-08
7640 -3.4243054462889233484e-08 -4.5427839909165149734e-08
7650 -3.2734740942961875141e-08 -4.346106309971018218e-08
7660 -3.1036636900673523853e-08 -4.0993957137979925927e-08
7670 -2.9264354973781081645e-08 -3.8193025493804777662e-08
7680 -2.7527005138423219952e-08 -3.5213084799385887507e-08
7690 -2.5921001906238639106e-08 -3.2192328530352501044e-08
7700 -2.452970576123986247e-08 -2.9230573126539941127e-08
7710 -2.3419088619632153699e-08 -2.6395312422372545019e-08
7720 -2.2633985470458544479e-08 -2.3721151181023943725e-08
7730 -2.2194239576065549185e-08 -2.1224672187893028406e-08
7740 -2.2087886557111955034e-08 -1.8899067879581823628e-08
7750 -2.2266775186196686187e-08 -1.6702533588895849006e-08
7760 -2.2645228749444734742e-08 -1.4559078535682697315e-08
7770 -2.3119299224061919219e-08 -1.2373710848933593925e-08
7780 -2.3571928328378015347e-08 -1.0030529289004992341e-08
7790 -2.3899550789679189425e-08 -7.4304325946447259612e-09
7800 -2.4009389631169967316e-08 -4.4980284473629630435e-09
7810 -2.383216053864516466e-08 -1.1916405773150992529e-09
7820 -2.3318229436986796529e-08 2.4987186622704433371e-09
7830 -2.2441739728402194074e-08 6.5641451514855651229e-09
7840 -2.1219823695591986752e-08 1.0938053561088091185e-08
7850 -1.9713482159922074366e-08 1.5516416739216795224e-08
7860 -1.8024247942075459439e-08 2.0159607562867038942e-08
7870 -1.6283949468693213158e-08 2.4711506300411849568e-08
7880 -1.4626704461500836478e-08 2.9021578606287586528e-08
7890 -1.3163645628363281198e-08 3.2955844121739066544e-08
7900 -1.1976258381472650304e-08 3.6397442671000965569e-08
7910 -1.1096300956436412829e-08 3.926746800031321074e-08
7920 -1.0509817467610536295e-08 4.1532561924738870798e-08
7930 -1.0163520801755909556e-08 4.3217943104130116438e-08
7940 -9.9869440130425064926e-09 4.4403500407129037576e-08
7950 -9.9093522200809337029e-09 4.5198483762542526381e-08
7960 -9.8738533828603603048e-09 4.5711886224887647217e-08
7970 -9.8393661254360194277e-09 4.6036810674619896632e-08
7980 -9.7873303328361102981e-09 4.6243927535886015338e-08
7990 -9.7185940225238109309e-09 4.6407115684544592216e-08
8000 -9.6553342736098846309e-09 4.6579744162461523446e-08
