# Fix print output for fix 3
0 3.19607165033749001e-30
100 0.23788605461229853089
200 0.57217758686705688653
300 0.89224759305322975944
400 1.0778920153913627011
500 1.3126219177006042127
600 1.5219192246442443395
700 1.7536422134823272945
800 1.9175157627824213069
900 1.9836620600271011039
1000 2.1036983443994436982
1100 2.277289107188855688
1200 2.5080758561700609022
1300 2.7751285269374390552
1400 2.999695088218769623
1500 3.0940481420231602527
1600 3.2817298753193768768
1700 3.4849445760111374959
1800 3.6443669479617506468
1900 3.8433454565658702329
2000 4.0212437917925711872
2100 4.1701307759766734762
2200 4.3229368828454184381
2300 4.5200858789551698891
2400 4.7002321042870027767
2500 4.8549157502591233637
2600 5.0877422576553383848
2700 5.3839677179473524049
2800 5.6754471294176154217
2900 5.809518760828842332
3000 5.9314154754127672575
3100 6.0870813977418238849
3200 6.352453879978678053
3300 6.4308470093209413321
3400 6.5326895557500463951
3500 6.7000350940681405731
3600 7.033875226857644769
3700 7.3215600943342735718
3800 7.4319601847775667025
3900 7.6044829009988399449
4000 7.9966689893463183125
4100 8.3416548068041631581
4200 8.6911500946016406743
4300 8.9718409034270578672
4400 8.9996603329529705206
4500 9.0650728601195673662
4600 9.2330549166522839499
4700 9.4144842273952544787
4800 9.7007771930615955824
4900 9.9174723411557863528
5000 9.9671193707856833299
5100 9.9936624961355970953
5200 9.9301097945031155945
5300 10.02203602314731512
5400 10.21192101907478289
5500 10.271593117241550885
5600 10.417990443964351144
5700 10.587242034705875326
5800 10.788953512428690829
5900 10.92361558547380973
6000 11.104599663812335208
6100 11.347236450796764018
6200 11.372553706724165323
6300 11.668854100739707746
6400 11.774809415876264396
6500 11.766114208796448537
6600 11.646828412386296847
6700 11.626466625406518318
6800 11.749898029006923039
6900 12.02900172267975698
7000 12.260975321312043818
7100 12.524030164093417739
7200 12.820110128063280541
7300 13.089935983417870347
7400 13.248982651972113445
7500 13.621068667816372155
7600 13.884319689911444939
7700 14.361579154111934642
7800 14.640927412563206289
7900 14.965423564860206085
8000 15.103412354170245635
8100 15.220889278062267991
8200 15.250062969546794633
8300 15.566998315022175348
8400 15.897951219692226132
8500 15.992466787692505292
8600 15.921471592641406545
8700 16.000013282748263066
8800 16.235291632275746565
8900 16.431052494683662246
9000 16.620532014585968739
9100 16.92764926864861863
9200 17.159539905958940409
9300 17.531882331803348762
9400 18.162267090417149262
9500 18.593569460755997369
9600 18.978081038979723871
9700 19.169571525327359751
9800 19.311926107010819464
9900 19.279206332652019995
10000 19.337139760747309225
