# Fix print output for fix 3
0 301.88797117990759489 1.0586108484254665996
100 299.43726701625610076 1.0602114744563817528
200 319.39436221651089909 1.0652645549367263378
300 303.92259584641101355 1.0694018716145672343
400 297.58843589200705537 1.0696814620706995846
500 293.85328264143987553 1.0625247951320360151
600 290.95034827286491463 1.0528995455025020878
700 314.11240019735362239 1.0393343345020933377
800 291.33038240688006226 1.0269598832152901924
900 296.45966071847794865 1.0197284860186095479
1000 303.75245576904779909 1.028444260026697199
1100 289.8802272378836733 1.0439402617572091092
1200 315.53954946018382088 1.0567625681758623379
1300 317.83520983272757121 1.0654066801918111729
1400 308.45270450937658779 1.0690832932261384869
1500 301.32148865851263508 1.0688385783093896642
1600 279.61729923427117228 1.066194145674617122
1700 305.22767323724104926 1.0697503916816566427
1800 312.20342516787496834 1.074610625277806264
1900 300.23972742092814769 1.0773303756950720622
2000 284.93730618386229025 1.0756467768866919688
2100 299.89307404115083955 1.0759576001738813122
2200 305.07820808573706017 1.07284401811801966
2300 312.76231503215973362 1.0673237640981425578
2400 287.63594178063527806 1.0602533474188413631
2500 292.2829433443250764 1.0505455596735311374
2600 299.92935595072026445 1.0489102143386497268
2700 309.38124269969648594 1.046895716973527124
2800 300.22950053363695133 1.0488927422026204095
2900 309.77425816560781868 1.0586339279906713529
3000 308.77896651644897474 1.062856409421798265
3100 296.02055655360061337 1.0568734076571844049
3200 288.32486168008233562 1.0448170042930076118
3300 309.48339376460364747 1.0371227383349546081
3400 306.35767258623235421 1.0341115862249601332
3500 300.22699543461135363 1.0379379039655967087
3600 297.9819305423050082 1.0506872611670610151
3700 290.11716982222259276 1.0651251212331094287
3800 291.02714200264267674 1.0768292895683577726
3900 297.24051783467723453 1.0807163515422462119
4000 290.98819952718736204 1.0780388719536022624
