# Fix print output for fix 4
0 0.00017339186798183710129 0.00051305740538070917535
10 8.9034175515429923257e-05 0.00026951992119178199998
20 6.3488645904651215286e-05 0.00018714584853332346445
30 6.4376579517760158401e-06 2.119757521435662904e-05
40 4.2792715431295917758e-05 0.00011543623987182112024
50 3.3600920385937043929e-05 0.0001056592285424880071
60 4.2257362768234694311e-05 0.00012659513085361666905
70 3.9837880076168562444e-05 0.00012684704679405645012
80 2.7242250042878083353e-05 8.4579756244502232558e-05
90 3.8008625226412112458e-05 0.00010981790297853930819
100 -2.3029172424200132298e-06 -3.166472179398716693e-06
110 7.8619852446971671018e-06 4.3632582097057911021e-05
120 -2.2050689363853053778e-05 -4.1581325269004202521e-05
130 1.1377166366750209736e-05 3.6027862976376820176e-05
140 -2.677846841139841402e-05 -6.2110129501737268844e-05
150 -7.2580132763827156296e-07 1.9149656005721932301e-06
160 -2.8221599667170760875e-05 -5.1665343333077572326e-05
170 -2.5765603474132507249e-06 -1.6915487204054074411e-05
180 -2.3561423536848710166e-05 -5.0051154562585988851e-05
190 -3.1250746510447933904e-05 -6.1258101885860929015e-05
200 -3.8581317470487841296e-05 -7.1596193586976022614e-05
210 -2.746118614891293456e-05 -8.4878738267599285303e-05
220 -1.0098422955872926851e-05 -3.6611997717054602672e-05
230 -2.5654822678165020537e-05 -4.4547915284750442351e-05
240 -8.4518218707112976589e-06 1.418353869924456309e-06
250 -2.7320044033327490162e-05 -4.9378892650980578925e-05
260 -2.1463555955636524293e-06 -7.1255065231732151188e-07
270 -1.5216584194305409774e-05 -2.1226707766907134165e-05
280 8.0001988954671987954e-06 2.1087654743194801031e-05
290 -3.7748562261629508047e-06 -1.6675886151089403193e-06
300 9.9790540296820706229e-06 1.7619344129983700344e-05
310 2.9868949507731351889e-07 9.8811519340565367656e-06
320 2.5544116931356913051e-06 1.8183443684879375957e-05
330 -1.0119636535810168094e-05 3.2664018933961367269e-06
340 2.0068586235021471177e-06 2.8247879176371473974e-05
350 4.1486663735699105246e-06 3.5918575146359924346e-05
360 1.1430008961727187571e-05 2.5053149393590467327e-05
370 1.1562936753621770136e-05 1.9920752183997168479e-05
380 1.5053296555281230014e-05 3.0364787193796109142e-05
390 1.131598145257002671e-05 2.4281819952426363909e-05
400 2.0087889671630068734e-06 1.6614734365042900917e-05
410 -5.9127888886906281924e-07 -3.9400076953615950143e-06
420 -4.5256321352660248012e-06 -5.6109524086739886558e-06
430 1.74321670665147414e-06 -1.3353625118286771253e-06
440 -6.6210851301590940368e-06 -2.079413340920837948e-06
450 1.2485179847804587036e-05 -1.2466263709656569478e-06
460 3.5304967762168447427e-06 -1.1556305950138421265e-06
470 8.335346714717868359e-06 -1.3520061840331850579e-05
480 -1.356912611717534599e-05 -4.0785495600293710742e-05
490 -1.1622403666605439937e-05 -4.3445689183961759355e-05
500 -2.0824930692048997712e-05 -4.0966492660766986558e-05
510 -9.3620253328056260498e-06 -1.77269523972838838e-05
520 -1.3554732302079833356e-05 -2.2841731157291839729e-05
530 -7.3971759928249756078e-06 -1.027692296853906459e-05
540 -8.4930246935674099436e-06 -2.7958424945251827146e-05
550 -9.5818155462759452924e-06 -1.2528881643101617721e-05
560 -1.3498665575456567052e-05 -2.4152168481761919781e-05
570 -8.0464252266689014701e-06 -1.4284774930875600318e-05
580 -2.9217447816474796492e-06 -2.3838252450595128092e-05
590 -1.0359868560188817191e-05 -2.6100974322616603013e-05
600 -2.8446324630544679937e-06 -8.0690223772425693984e-06
610 -2.9917156281822201073e-06 3.5267882547594613972e-06
620 4.3482027516700814769e-06 3.9154383777518395819e-06
630 -7.6804496044592139646e-06 -4.0281334412223835178e-06
640 -9.2268813079691877741e-08 4.0953717253029536433e-06
650 -1.3761159877452389807e-05 -6.5871721391290463757e-06
660 -1.1933677697141450766e-05 -7.4379998607598729398e-06
670 -4.7271395521807317694e-06 -1.8706329067071866122e-06
680 -7.3940748862298306617e-08 1.1556597520750045905e-05
690 7.6311457432723923499e-06 3.7638407807345787188e-06
700 -8.4222114546866365209e-07 -4.0927961138677028771e-06
710 2.7009510884917361679e-06 -2.1824291941710785879e-05
720 -4.2058464665322316996e-06 -9.9132982662128516291e-06
730 3.4251115409877987826e-06 -2.0139295173731138291e-05
740 -5.3326614198070992746e-06 -1.8030709249504458939e-05
750 6.4973384502655812122e-06 -4.53674973892055532e-06
760 5.966268158306575803e-06 3.6721350368158662619e-07
770 4.318886324413031267e-06 -2.1938579568319526981e-05
780 -6.0290417336017659616e-06 -2.6917207523550129101e-05
790 -3.1129595374715789874e-06 -2.2300228231966728849e-05
800 2.2422808525238744778e-07 -1.3010936848954752734e-05
810 2.1362861538119990771e-06 -7.8379405528901288083e-06
820 -1.8943682083652826406e-06 -1.0299289269606253398e-05
830 -7.8486123515694400599e-06 -1.0927578177911401655e-05
840 -7.7519716618526709248e-08 -2.132419010580342505e-05
850 -4.4547972889862576446e-06 -2.9929628678010201427e-05
860 8.7415355302849376496e-06 -5.3647824615368686267e-06
870 -1.3493167424824558869e-06 -6.5321448159282741423e-07
880 6.2418462708815288144e-06 -5.8502774148868925602e-07
890 9.3483983774445335595e-07 -1.5421584617238954211e-05
900 9.8079761228680812301e-06 6.1903761311585653903e-06
910 7.8477939527441435772e-06 6.8277657325195537864e-06
920 -2.572826982419062352e-07 -9.6056607438701592728e-06
930 3.9284738895624148395e-06 3.868871507932855604e-06
940 5.4667068529716234232e-06 1.920561232796397168e-05
950 1.1592246294794778804e-05 3.2581833492412145333e-05
960 -3.1203973482626049143e-07 1.386424361791637223e-05
970 -2.2393176969572964377e-06 -1.1969224460298869544e-06
980 -5.6539037296246508644e-06 1.2207027130287550877e-05
990 1.0007501140759079386e-05 3.4948835293005171864e-05
1000 -2.4345079309543354137e-06 2.7598071634134356685e-05
1010 4.8329295187418243191e-06 1.8404742503346796322e-05
1020 -1.759837083347993978e-06 -1.1512489802863990924e-06
1030 1.0407136588436848785e-06 -1.4440104151850369359e-06
1040 3.7423829545857759575e-06 -3.205742467103854776e-06
1050 -1.3216448896936982468e-06 8.7380247865402248481e-06
1060 -1.7162650859321318727e-06 9.668036069557435654e-06
1070 -6.9972055772871906599e-06 1.234200023831748401e-06
1080 4.7973266172504203092e-06 -1.2855578793432601581e-05
1090 4.9723688786479768183e-06 -4.7317456725133778009e-06
1100 5.7966566215529236245e-06 -1.8377710040998050694e-05
1110 -8.0257968260302242684e-06 -2.5634374296722084241e-05
1120 -1.8334314451160353884e-06 -1.9442402426389647534e-05
1130 2.7017557074982828663e-06 -1.5110838221612425011e-05
1140 9.2590819426312342917e-06 2.9134282573461622881e-06
1150 8.5117183608297482548e-07 -5.2096920091981053239e-06
1160 -2.6423676579581719159e-06 9.8012600722198419775e-07
1170 4.5060944877316891384e-07 -1.2372687643273317518e-05
1180 8.9613682875942005215e-06 1.4723477777993932073e-05
1190 -2.2098067963105134745e-06 -1.8412862665538317302e-05
1200 -5.0751208277986480642e-06 -4.3280994553375387574e-06
1210 3.2206080556835346476e-06 -1.3945626992356143916e-05
1220 -2.0024035291635405426e-06 -1.1370546428168116106e-08
1230 -2.1160614079393054664e-07 2.8439416761939887353e-06
1240 -4.6606089095610237242e-06 1.0156645392113938849e-06
1250 -2.446873308618005378e-06 -3.1080694053996096269e-06
1260 -5.6159846334457076225e-07 -1.5702945842577646922e-05
1270 -6.991896495618982474e-06 -6.6958148069785975373e-06
1280 -2.0967629232791509889e-06 3.1878783478217074244e-06
1290 -3.7240001398354993454e-06 2.1611762568010632878e-05
1300 3.2138703498597178619e-06 9.7594128330058948909e-06
1310 -8.9827753667466921507e-06 -4.7165635542283740697e-06
1320 -1.1175665632617677866e-05 -1.9805195039652506776e-05
1330 -1.7033440624695792064e-05 -6.7795570450294727178e-06
1340 -1.5814433718175103592e-06 7.8085240484263513446e-06
1350 7.3204246035113197259e-06 1.8007339286863597466e-05
1360 4.8883280372901039321e-06 -1.1983482217642659028e-06
1370 -6.3759702519793371657e-06 -1.0911468477609589654e-05
1380 -8.3561124183309369064e-06 -6.607795740764474209e-06
1390 3.3428632900759973122e-06 1.4722152922728951e-05
1400 4.1372046772447314169e-06 2.3557281675879904897e-05
1410 -8.0488505711119206663e-06 -9.3684504284878523592e-06
1420 -1.8730592708514279536e-05 -9.5179320120457995368e-06
1430 -6.6117444793816974367e-06 -7.8112974338406153743e-06
1440 2.7613444742073383187e-06 5.9842476621782391482e-06
1450 7.4445850002995621564e-06 2.0482000944519224188e-06
1460 2.7053343686438681857e-06 9.8955841894723173187e-06
1470 2.6927888383753590845e-06 3.1986323496648396478e-06
1480 6.5835672219869233513e-06 1.0865081134200307115e-05
1490 3.5967909321448546528e-06 1.4827033124938920742e-05
1500 -1.7644479448773182466e-06 8.5593632179050382192e-06
1510 -1.3991295171112390832e-05 -7.555047353539547935e-06
1520 -5.4937545187079757605e-06 -8.8192277112802616306e-06
1530 -2.3989815551941720674e-06 -9.486487851491919268e-06
1540 -6.4195363848600242773e-07 2.5258405718431856421e-06
1550 1.3167458709358898621e-06 1.53499536098555009e-05
1560 5.650410967153570261e-06 2.9872562224247238175e-05
1570 -5.6335007051722380651e-06 1.4101593709782940248e-05
1580 -1.0364271095210664603e-05 -7.3962802175416880976e-06
1590 -4.688234658883399039e-06 -1.7345842608173482076e-05
1600 -3.8407676746802267293e-06 -3.9488899084081307842e-06
1610 -3.5076802143581997604e-07 5.1720967904307293831e-06
1620 -1.3664332254314566528e-06 1.3244402998965494589e-05
1630 2.4800270356564660961e-06 1.7741355052209880456e-05
1640 1.7305975333209634911e-06 1.5918290796202549914e-05
1650 2.8759684029324913889e-06 1.685607152154159434e-05
1660 7.1458782017323561937e-06 7.5357624151578196561e-06
1670 9.3686489639725609228e-06 1.6977942741373981181e-06
1680 9.9496809749432919091e-06 -2.2542818418200416547e-06
1690 2.6335848466763820181e-06 1.1913785306469086876e-05
1700 7.5562191138200735294e-06 1.9691118615385829122e-05
1710 -4.7152387426211770228e-06 1.0491577295779802212e-05
1720 5.9548425797619329393e-06 5.3753395426766053552e-06
1730 -2.5076952783277367002e-06 -1.0922178474610832579e-05
1740 1.0028026316113120106e-05 -2.7507985999933486661e-06
1750 -9.8728097899730328936e-06 -3.086823941694564978e-05
1760 -6.03328686312203267e-06 -2.75123986365001966e-05
1770 3.9697509222325598217e-06 -7.0110602159517053425e-07
1780 1.6984249686705707173e-05 3.6630767831574858294e-05
1790 1.6403724153006878767e-05 3.7965826753787616028e-05
1800 -1.5851907454009365585e-06 6.7186672946224079491e-07
1810 9.5903965308240991279e-06 1.4794080966484027805e-06
1820 -6.0882604247045825661e-06 -2.5264942236729365281e-05
1830 4.2735377060522729647e-06 -1.9852749587852548912e-05
1840 -1.1673156179210901319e-06 -3.2878880748168833612e-05
1850 4.0392544374240054399e-06 -2.091554089928688342e-05
1860 -5.7156253068429579389e-06 -2.4803600338677108983e-05
1870 1.7339062536729074907e-06 -8.2539495882800957604e-06
1880 3.0999951440283688598e-07 -1.5197771646521742069e-05
1890 -1.2177316251803370987e-05 -2.4698219828200330543e-05
1900 -1.9016292695697337468e-06 -3.1450204348193225279e-05
1910 -8.6424594469177545944e-06 -2.8363753432787986992e-05
1920 1.6057590665530183884e-06 -2.4174517925981144593e-05
1930 -7.3782347980044470895e-06 -1.2767437126015394121e-05
1940 5.2339019269753088681e-06 -4.3383467511738733183e-06
1950 3.4692296933884842447e-06 -1.3483287709695776927e-06
1960 9.745251725469008714e-06 1.3199040802230225414e-06
1970 -8.1740529894062978277e-06 -1.2767175236772600649e-05
1980 -1.6323217721713385614e-05 -3.4842464249292040806e-05
1990 -6.1707772232633767713e-06 -1.547213703746173804e-05
2000 6.145498025725226011e-06 9.0661708391643543609e-06
2010 1.1466416380348360663e-05 1.6627475656103939665e-05
2020 -3.3609584147526944524e-06 3.4546317822809470816e-06
2030 -6.0807481956080456604e-06 -1.5415487814284857277e-05
2040 -1.438553785734769025e-05 -1.3441134518329533938e-05
2050 -9.2041662501335094125e-06 -1.2631198704022170913e-05
2060 -2.1676955511071863353e-05 -7.4367074806660299631e-06
2070 -6.8067836371892174524e-06 -1.2072655890340212818e-05
2080 -1.1143107753556086178e-05 -1.2015095598623617713e-05
2090 1.2054912151339149994e-06 -9.3162328299759956474e-06
2100 1.4276546853177023155e-06 -3.1777751188189597771e-06
2110 8.2780346885959467883e-06 2.495657964567243639e-06
2120 6.9203819430705316797e-06 -6.5053594715046101905e-06
2130 -1.471433691407583079e-06 -1.1993785842813378995e-05
2140 -2.7899442083188363551e-06 -1.7034028796692840492e-05
2150 -1.1477491873110579588e-05 -6.2874491301046215493e-06
2160 1.0796261402602927196e-05 1.2944436039927916199e-05
2170 -1.0337713887573126011e-06 4.8682805561439395113e-06
2180 3.4873511629103765422e-06 -4.0707770106799221214e-06
2190 -4.3555077313561454226e-06 -1.1448235624210256853e-05
2200 4.5259825973237993385e-06 -4.9020846730796158329e-06
2210 1.0506709844288789798e-06 -6.3839197292653329405e-06
2220 -4.508796148622138431e-07 -3.0809593776474242779e-06
2230 1.9576621045483061094e-06 1.3882458954777319211e-06
2240 -1.9172743018580364344e-06 -2.1227543757961021411e-06
2250 5.1988376073953998892e-06 7.515162573271378483e-06
2260 -7.2345355627111188645e-06 -1.0061467644986898079e-06
2270 -1.2564264311173447736e-06 -6.1057305800966996244e-07
2280 -7.1638749097491215154e-06 -3.2639893425100367487e-06
2290 6.3961756746562967068e-06 6.6333713966207140961e-06
2300 5.4207394151797208849e-06 7.8890978830949299851e-06
2310 -2.8348998879136561856e-06 -7.3290797120335372581e-08
2320 2.2600609677532864542e-06 1.0524037815266405426e-05
2330 1.200817715825503962e-07 1.8038074655714291238e-05
2340 1.4661676972430327104e-05 3.9835993639274200405e-05
2350 -4.5072843890211462212e-06 3.7095917070900236258e-06
2360 -1.0442923981752606625e-05 -1.2138172795934454992e-05
2370 -1.4385613934281564659e-05 -8.0970660725645717145e-06
2380 -7.4872184443429101308e-07 2.5822530268142778197e-05
2390 -1.1341800446879158907e-05 1.9079602338408102217e-05
2400 -1.0672301139835219675e-05 3.3105890623367447633e-06
2410 -5.2844176187041561995e-06 -4.4721125789814278757e-06
2420 -8.0482944776350649249e-07 -1.698307907585418877e-06
2430 2.2381790654698663195e-06 1.145756912676365126e-05
2440 -6.6931671595716851048e-06 1.3335607010015433443e-05
2450 3.9504588049952846519e-06 2.5369945614220380667e-05
2460 -8.6867567694048552568e-06 9.0790861705083633886e-06
2470 -6.225409787636247706e-06 -1.0252038433868642693e-05
2480 -2.1012015790595757713e-05 -3.4916178891694435872e-05
2490 -2.0263092370347223446e-06 -1.9779340605286242397e-05
2500 3.9883823131893316727e-06 -6.2551498709749140672e-06
2510 2.3886812915507934413e-06 2.4918838786702800234e-06
2520 2.9216572296538426037e-06 -3.2908044672012788621e-06
2530 -3.2895618138593311135e-06 -1.4602191430377023016e-05
2540 1.1640993412837343147e-05 -3.8521350310296830554e-06
2550 -2.8350829017198942427e-07 4.2647615950344199676e-06
2560 4.4818302283580831568e-06 1.8604127767225710487e-05
2570 -1.4512770321702770114e-05 -2.436160628035162005e-06
2580 2.352183494999196651e-06 -6.4558041368091975272e-06
2590 5.5297167357824280584e-07 -2.3318312440046764925e-05
2600 8.5891844995440512299e-07 -6.5104298686863955735e-06
2610 -9.965082892700870512e-07 1.3268979175792469927e-06
2620 1.390631192112465794e-06 1.4068120425229355676e-06
2630 6.5757228641657841761e-06 8.1128904267119930975e-07
2640 -3.966759738918354109e-06 -3.5450372523256909143e-06
2650 1.4052611723384075441e-05 5.7344466292071979719e-06
2660 1.9143177591395022787e-06 1.306615547940301691e-05
2670 4.833029626336769116e-06 3.884383134861340649e-06
2680 -9.424455860694986838e-06 -1.5915095540466054269e-05
2690 1.1382323510452757961e-05 3.966567817888011446e-06
2700 1.1278448611343215769e-05 1.5780933555744473172e-05
2710 1.7242481109697340688e-05 2.5584778584344939402e-05
2720 1.1169077125869975107e-05 1.987464405278141624e-05
2730 9.8028166074970298031e-06 1.7151185284524907783e-05
2740 6.4884426811424714999e-06 2.0836974493181842989e-05
2750 1.6126490866287061794e-06 1.2837984370511990335e-05
2760 3.8961622338113920997e-06 1.9653283111538102012e-05
2770 3.383898074976243285e-07 1.6880272207020834108e-05
2780 -9.1369602599743452614e-06 3.933418595464798436e-06
2790 -1.0780500028581193404e-05 -9.7017598940939050447e-06
2800 -3.4145458812341745139e-06 -8.893645943979493833e-06
2810 1.5418349092850809055e-06 -8.9690400273860281199e-06
2820 2.9510890797061483774e-06 1.8828700918334577991e-06
2830 5.3108474015258722939e-06 1.3969835307520717658e-05
2840 5.6965607316685825359e-08 8.5056681267102383318e-06
2850 6.9064203035849102571e-06 1.7779119623958762825e-05
2860 -1.2734367054869423123e-06 1.0195386376727682152e-05
2870 2.8641596306743452966e-06 2.845707385213872563e-06
2880 3.0677130832284960302e-06 3.6998836137878068067e-06
2890 -9.3595250779215082557e-07 -8.2550770636482490058e-07
2900 -8.290958628804201205e-06 7.9328768743991190295e-06
2910 -6.1069466747016994972e-06 1.5077397593825684228e-05
2920 -5.9560975895387947654e-07 -6.9272501585540378769e-06
2930 -4.7488369084090108346e-06 -6.0392869421910078297e-06
2940 -5.7250674740950243923e-06 -4.9773756863035919408e-06
2950 4.295224505405629924e-06 1.8874894840997581442e-05
2960 9.0129669907608420966e-06 8.2417537345443538815e-06
2970 2.913476287044327131e-06 -3.6900722348974245372e-06
2980 -3.4688898650881269176e-06 -2.8478372926635394345e-05
2990 -1.0502263591132724954e-05 -3.2371930758315302086e-05
3000 -2.3696378070838615237e-06 -1.3188203658273640485e-05
3010 -4.0079243492522518232e-06 -1.2845573829247468431e-05
3020 7.7299713929480404473e-07 1.038063545469534909e-05
3030 5.1779311199378873164e-06 1.5394870132549839844e-05
3040 -1.102794826109393633e-05 -5.3915743617306284197e-07
3050 -1.4970578952608883875e-05 -3.7511036690023761371e-05
3060 -1.4135445507547063238e-05 -1.8979998322644762348e-05
3070 9.4729416069958726409e-06 -2.1557773810050014917e-06
3080 4.7326917902643476447e-06 6.0326157602020318122e-06
3090 4.8383280494759244248e-06 6.3624276688470281838e-08
3100 -9.6264814997447291383e-06 -1.3245072692461753316e-05
3110 -8.2063536999639359593e-06 -9.6931203467619818424e-06
3120 -1.0115681806294963817e-05 -1.7254484101354778438e-05
3130 -3.7423290633957937367e-06 5.4672993540574433725e-06
3140 -4.0758372703759529238e-06 -1.5902945042780076203e-05
3150 5.4667077307155247142e-06 -6.5808024612596715947e-07
3160 6.1167160794886437909e-06 1.0178062514033876427e-05
3170 5.4265745637543311286e-06 2.7564186097429278148e-05
3180 7.4523013230656497412e-06 2.5638636968608406719e-05
3190 5.3285129136733467626e-06 1.3800395342665319265e-05
3200 1.4214497651738614503e-05 2.0628802381854450225e-05
3210 3.132302617776833107e-06 1.9888392663886648879e-05
3220 -2.6321752919423548788e-06 1.7360431820000550216e-05
3230 -7.9794715294813636992e-06 2.0900617877232576398e-05
3240 -2.3054721647821705775e-06 1.3974871866117347978e-05
3250 -3.3850383335376340694e-06 8.1228539456040817598e-06
3260 4.1893639719436234287e-06 5.4398022279092641648e-06
3270 8.9862806256746669974e-06 1.4538831459108442573e-05
3280 5.7395776459759727245e-06 -6.1730045166557609342e-07
3290 5.594352141738599278e-06 -3.1530340464606192402e-06
3300 -1.3208749010547581246e-07 -1.872092830526782701e-05
3310 -3.3246804360812197489e-06 -2.1178920328661769734e-05
3320 -9.2136170859331061126e-06 -2.0496974677656359004e-05
3330 -4.4026226599352896805e-06 -1.0962057861618649962e-05
3340 1.2864706159514656631e-06 1.014918049829600958e-06
3350 5.0707390261277718589e-06 -9.6614093601720006432e-06
3360 3.0580151789503269086e-06 -8.4277806949818692315e-06
3370 -2.6077525066645851469e-06 -7.6616874195189771396e-06
3380 3.9089849876892070307e-06 -3.9318549818998129028e-06
3390 -5.2200183873754260638e-06 -1.3907097233348365836e-05
3400 -9.5342571801237858433e-06 -2.5147170800597008658e-05
3410 -1.0491888889694623037e-05 -2.7211960356893588701e-05
3420 -2.2947837020952032683e-07 -9.4641847082297559529e-06
3430 -3.5605489585833638483e-06 5.8844757996906597953e-06
3440 -1.7128431631485154484e-05 -1.5546573434596810444e-05
3450 -1.3179804822339034597e-05 -1.0808086314872923382e-05
3460 -7.912441565554382796e-06 -2.934762444507403203e-06
3470 7.6083422999728350043e-06 9.937857959460757792e-06
3480 -1.5440378293056398353e-06 -7.5635199012684617642e-06
3490 -5.0115810530487859168e-06 -9.0443465560611886679e-06
3500 -7.0165383787103690065e-06 -4.5779757228037494199e-06
3510 5.7287947522010927367e-07 7.1569920022471767495e-06
3520 -2.3475494376390948786e-06 9.575914154311382411e-06
3530 -5.9241240086612019771e-06 -2.288364054876943613e-06
3540 -6.8325697137231528511e-06 2.0306540788402473249e-06
3550 -6.8947867802524034764e-06 1.121565789499532044e-06
3560 7.1594953907903615984e-06 2.4092351575982664228e-05
3570 -3.806638787178377402e-06 3.9878568141058052277e-06
3580 3.220123928968067887e-06 6.887369269270141385e-06
3590 -4.5191671861208453933e-06 -5.9464731808501164226e-06
3600 3.5572557416148392802e-06 1.6184564168611035647e-06
3610 -3.8673293199440999181e-06 1.052856796336811101e-06
3620 -4.6980341984629224813e-06 -4.4937266292555487745e-06
3630 -2.1503968789087851328e-06 -1.754539854290741515e-05
3640 -4.7604772361434971232e-06 -1.6277700696952632551e-05
3650 1.1308033441709521019e-05 -8.3271466419664582015e-06
3660 8.3602176971802064163e-06 -6.4691049159473934012e-06
3670 1.9146587416436963838e-05 9.9063749787767565335e-06
3680 -1.1104854696660577023e-06 -5.4221951966642562451e-06
3690 -1.2209372323250645543e-06 -1.3701494726361504082e-05
3700 -5.6639535830095915618e-07 -1.2172151260831872666e-05
3710 1.1833543969350876637e-05 7.9692891109979974799e-07
3720 1.2618427938843607212e-05 -1.94193341965679844e-06
3730 4.5381267342031307867e-06 -1.3444678487221115192e-05
3740 -1.5480668617593021581e-06 -1.6911860575172790115e-05
3750 -4.4527413097908386417e-06 -4.9538671861055626373e-06
3760 2.4411773637762131206e-06 -4.6244403630906733113e-06
3770 -6.9756212514523866143e-06 -1.5939930634646670698e-06
3780 -3.2729957904806171027e-06 -3.0062353985393228052e-06
3790 1.9367250417414444831e-06 8.3788196090995818716e-06
3800 8.2289913229030954914e-06 -3.8829836753170470754e-06
3810 6.2255124686866183121e-06 3.3787183408864682363e-06
3820 1.1689929383115354084e-05 1.7561001164533320392e-05
3830 1.1239534873396752246e-05 2.2230140570091878069e-05
3840 8.2223647235815604099e-06 2.5736099997044623234e-05
3850 -5.6338577776378088288e-07 7.4838988580710147388e-06
3860 -6.2421908841072272744e-06 1.6290799631307588142e-05
3870 2.9810388453205660874e-06 2.2359759544759099477e-05
3880 6.0159659070055859428e-06 4.184323064129726532e-05
3890 2.2822449790086322609e-06 1.5827465849530110247e-05
3900 -2.882675267063434839e-06 1.6501848045695021691e-05
3910 -4.7183106396541012328e-06 1.3051176221698621455e-05
3920 2.5014115379831072222e-06 1.3679069845055614297e-05
3930 5.4455594268314949701e-06 9.9120009883635057916e-06
3940 4.5902894598695690009e-06 8.1522705218884587534e-06
3950 8.1829188813082177388e-07 1.557016785833405931e-05
3960 -4.6799747982419457882e-07 5.1097764292161574311e-06
3970 4.3341930742309291483e-06 1.0287211446710929752e-05
3980 2.1362515944248523966e-06 -4.2110093147240527752e-06
3990 5.1140933687942555534e-06 8.7922948123633185865e-06
4000 -3.1788686410090236833e-06 -3.7854409942926668768e-06
